ID	name	Binom_Genome_Fraction	Binom_Expected	Binom_Observed_Region_Hits	Binom_Fold_Enrichment	Binom_Region_Set_Coverage	Binom_Raw_PValue	Binom_Adjp_BH	Hyper_Total_Genes	Hyper_Expected	Hyper_Observed_Gene_Hits	Hyper_Fold_Enrichment	Hyper_Gene_Set_Coverage	Hyper_Term_Gene_Coverage	Hyper_Raw_PValue	Hyper_Adjp_BH
MP:0001819	abnormal immune cell physiology	0.05317682	6.700279	50	7.462375	0.3968254	1.37102e-30	1.25722534e-26	1221	7.190746	50	6.953382	0.3968254	0.04095004	1.561707e-29	7.160426595e-26
MP:0002420	abnormal adaptive immunity	0.05439659	6.85397	50	7.295042	0.3968254	3.871836e-30	1.775236806e-26	1254	7.38509	50	6.770398	0.3968254	0.03987241	5.389715e-29	1.64745621833333e-25
MP:0001790	abnormal immune system physiology	0.09223447	11.62154	61	5.248873	0.484127	8.488232e-30	2.528118565e-26	1998	11.76667	61	5.184133	0.484127	0.03053053	8.565135e-30	7.160426595e-26
MP:0002442	abnormal leukocyte physiology	0.05274423	6.645772	49	7.373108	0.3888889	1.102778e-29	2.528118565e-26	1198	7.055293	49	6.94514	0.3888889	0.0409015	7.346363e-29	1.68415371775e-25
MP:0002421	abnormal cell-mediated immunity	0.05343876	6.733284	49	7.277281	0.3888889	1.981139e-29	3.633408926e-26	1234	7.267305	49	6.742527	0.3888889	0.03970827	2.821755e-28	5.02534034333333e-25
MP:0012382	abnormal blood cell physiology	0.05677648	7.153837	50	6.989256	0.3968254	2.731895e-29	4.17524619166667e-26	1304	7.679551	50	6.510797	0.3968254	0.03834356	3.288118e-28	5.02534034333333e-25
MP:0001545	abnormal hematopoietic system physiology	0.06069022	7.646968	50	6.538539	0.3968254	5.621677e-28	7.36439687e-25	1367	8.050573	50	6.210738	0.3968254	0.03657644	2.879399e-27	3.77201269e-24
MP:0001845	abnormal inflammatory response	0.04403694	5.548655	41	7.389179	0.3253968	1.504029e-24	1.72399324125e-21	1008	5.93634	41	6.906612	0.3253968	0.0406746	9.732238e-24	8.924462246e-21
MP:0002419	abnormal innate immunity	0.02535253	3.194419	33	10.33052	0.2619048	5.01992e-24	5.11474071111111e-21	539	3.174293	33	10.39602	0.2619048	0.06122449	1.783814e-24	2.0446967975e-21
MP:0005387	immune system phenotype	0.1392002	17.53923	65	3.705979	0.515873	1.544656e-23	1.416449552e-20	2971	17.49689	65	3.714946	0.515873	0.02187816	8.710464e-24	8.87499498666667e-21
MP:0003009	abnormal cytokine secretion	0.02340511	2.949043	31	10.51188	0.2460317	8.901811e-23	7.42087335181818e-20	557	3.280299	31	9.450358	0.2460317	0.0556553	9.353652e-22	7.79754444e-19
MP:0002723	abnormal immune serum protein physiology	0.03959178	4.988564	37	7.416964	0.2936508	4.09818e-22	3.13169255e-19	928	5.465202	37	6.770106	0.2936508	0.03987069	4.900897e-21	3.74510212416667e-18
MP:0001793	altered susceptibility to infection	0.01915563	2.413609	28	11.60088	0.2222222	1.064896e-21	7.51161255384615e-19	500	2.944613	28	9.508889	0.2222222	0.056	9.85888e-20	6.4575664e-17
MP:0002462	abnormal granulocyte physiology	0.009499404	1.196925	22	18.38044	0.1746032	2.564519e-21	1.679759945e-18	224	1.319187	22	16.67694	0.1746032	0.09821429	7.60652e-21	5.36552218461538e-18
MP:0005025	abnormal response to infection	0.02097348	2.642658	28	10.59539	0.2222222	1.131851e-20	6.91938244666667e-18	537	3.162515	28	8.853714	0.2222222	0.05214153	6.496497e-19	3.65488420294118e-16
MP:0002406	increased susceptibility to infection	0.01536875	1.936462	25	12.91014	0.1984127	1.674377e-20	9.59627318125e-18	414	2.43814	25	10.25372	0.1984127	0.06038647	1.937045e-18	9.34879086842105e-16
MP:0002452	abnormal professional antigen presenting cell physiology	0.03697918	4.659377	34	7.297113	0.2698413	4.584047e-20	2.47268888176471e-17	831	4.893947	34	6.947357	0.2698413	0.04091456	1.214189e-19	7.42274208666667e-17
MP:0005397	hematopoietic system phenotype	0.1354514	17.06688	59	3.456988	0.468254	1.968888e-19	1.00303905333333e-16	2993	17.62645	59	3.347241	0.468254	0.01971266	6.775685e-19	3.65488420294118e-16
MP:0002498	abnormal acute inflammation	0.01066926	1.344327	21	15.6212	0.1666667	5.719804e-19	2.647843919e-16	284	1.67254	21	12.55575	0.1666667	0.07394366	2.24774e-17	1.03058879e-14
MP:0008568	abnormal interleukin secretion	0.01788324	2.253289	25	11.09489	0.1984127	5.775014e-19	2.647843919e-16	404	2.379247	25	10.50752	0.1984127	0.06188119	1.080494e-18	5.50451665555556e-16
MP:0001876	decreased inflammatory response	0.008735165	1.100631	19	17.26283	0.1507937	4.99735e-18	2.18217616666667e-15	239	1.407525	19	13.49887	0.1507937	0.07949791	2.199683e-16	9.60528243333333e-14
MP:0020186	altered susceptibility to bacterial infection	0.01123091	1.415095	20	14.13333	0.1587302	2.777423e-17	1.157680405e-14	299	1.760879	20	11.35797	0.1587302	0.06688963	9.600323e-16	3.66812341291667e-13
MP:0009785	altered susceptibility to infection induced morbidity/mortality	0.005903311	0.7438172	16	21.51066	0.1269841	8.419013e-17	3.35662387869565e-14	161	0.9481655	16	16.87469	0.1269841	0.09937888	1.735258e-15	6.12012148461538e-13
MP:0002463	abnormal neutrophil physiology	0.006295649	0.7932518	16	20.17014	0.1269841	2.262962e-16	8.64640064166667e-14	149	0.8774947	16	18.23373	0.1269841	0.1073826	4.995398e-16	2.08217271181818e-13
MP:0001846	increased inflammatory response	0.03734642	4.705648	30	6.375317	0.2380952	3.899109e-16	1.4301931812e-13	822	4.840944	30	6.197138	0.2380952	0.03649635	5.555094e-16	2.21479182521739e-13
MP:0002409	decreased susceptibility to infection	0.00674773	0.850214	16	18.81879	0.1269841	6.548623e-16	2.30964895807692e-13	160	0.9422762	16	16.98016	0.1269841	0.1	1.570444e-15	5.760388592e-13
MP:0008246	abnormal leukocyte morphology	0.07528643	9.48609	40	4.2167	0.3174603	2.019233e-15	6.80146105e-13	1653	9.734891	40	4.108931	0.3174603	0.02419843	3.538723e-15	1.20185518185185e-12
MP:0009786	decreased susceptibility to infection induced morbidity/mortality	0.00268682	0.3385393	12	35.4464	0.0952381	2.076782e-15	6.80146105e-13	66	0.3886889	12	30.87302	0.0952381	0.1818182	3.835104e-15	1.25599656e-12
MP:0000716	abnormal immune system cell morphology	0.07575929	9.54567	40	4.190381	0.3174603	2.485698e-15	7.85994850344828e-13	1672	9.846787	40	4.062239	0.3174603	0.02392344	5.186122e-15	1.63988754275862e-12
MP:0001844	autoimmune response	0.0130567	1.645144	19	11.54914	0.1507937	6.656031e-15	2.034526809e-12	317	1.866885	19	10.17738	0.1507937	0.05993691	3.892436e-14	1.1423622065625e-11
MP:0005005	abnormal self tolerance	0.01315632	1.657696	19	11.46169	0.1507937	7.612026e-15	2.25168640064516e-12	319	1.878663	19	10.11357	0.1507937	0.05956113	4.359805e-14	1.21149732878788e-11
MP:0005000	abnormal immune tolerance	0.01329156	1.674737	19	11.34507	0.1507937	9.117287e-15	2.6126725559375e-12	324	1.908109	19	9.9575	0.1507937	0.05864198	5.768799e-14	1.511425338e-11
MP:0008713	abnormal cytokine level	0.01346155	1.696155	19	11.20181	0.1507937	1.140649e-14	3.13189482941176e-12	338	1.990559	19	9.54506	0.1507937	0.05621302	1.232369e-13	2.89764711025641e-11
MP:0008469	abnormal protein level	0.04251903	5.357398	30	5.599733	0.2380952	1.161226e-14	3.13189482941176e-12	966	5.688993	30	5.273341	0.2380952	0.0310559	3.986433e-14	1.1423622065625e-11
MP:0002444	abnormal T cell physiology	0.02354442	2.966597	23	7.75299	0.1825397	3.17455e-14	8.31540185e-12	524	3.085955	23	7.453123	0.1825397	0.04389313	4.90019e-14	1.32161006764706e-11
MP:0008835	abnormal intercellular signaling peptide or protein level	0.01429146	1.800723	19	10.55132	0.1507937	3.264498e-14	8.31540185e-12	348	2.049451	19	9.270776	0.1507937	0.0545977	2.074743e-13	4.64033983170732e-11
MP:0003945	abnormal lymphocyte physiology	0.03811199	4.80211	28	5.83077	0.2222222	3.931479e-14	9.74369254864865e-12	857	5.047067	28	5.547776	0.2222222	0.03267211	9.56872e-14	2.37149087567568e-11
MP:0002425	altered susceptibility to autoimmune disorder	0.01069919	1.348098	17	12.61036	0.1349206	4.826122e-14	1.16461944052632e-11	250	1.472307	17	11.54651	0.1349206	0.068	1.216928e-13	2.89764711025641e-11
MP:0020185	altered susceptibility to viral infection	0.005963006	0.7513387	14	18.63341	0.1111111	5.305333e-14	1.24743342589744e-11	155	0.9128301	14	15.33692	0.1111111	0.09032258	4.150654e-13	8.45811048444444e-11
MP:0008247	abnormal mononuclear cell morphology	0.06413493	8.081001	35	4.331146	0.2777778	8.721072e-14	1.999305756e-11	1404	8.268474	35	4.232946	0.2777778	0.02492877	1.29454e-13	2.96773295e-11
MP:0002148	abnormal hypersensitivity reaction	0.006229966	0.7849757	14	17.83495	0.1111111	9.524575e-14	2.13025250609756e-11	155	0.9128301	14	15.33692	0.1111111	0.09032258	4.150654e-13	8.45811048444444e-11
MP:0001657	abnormal induced morbidity/mortality	0.02487922	3.134781	23	7.337035	0.1825397	9.867296e-14	2.15435962666667e-11	513	3.021173	23	7.612937	0.1825397	0.04483431	3.13457e-14	9.58133563333333e-12
MP:0005087	decreased acute inflammation	0.00633374	0.7980513	14	17.54273	0.1111111	1.187313e-13	2.53201400232558e-11	161	0.9481655	14	14.76536	0.1111111	0.08695652	7.019503e-13	1.3695498406383e-10
MP:0008251	abnormal phagocyte morphology	0.0291156	3.668565	24	6.542067	0.1904762	3.061302e-13	6.38003166818182e-11	664	3.910446	24	6.137407	0.1904762	0.03614458	8.6138e-13	1.64559470833333e-10
MP:0000217	abnormal leukocyte cell number	0.06711203	8.456116	35	4.139016	0.2777778	3.227123e-13	6.57615953555556e-11	1456	8.574714	35	4.081769	0.2777778	0.02403846	3.733311e-13	7.96150276046512e-11
MP:0013656	abnormal hematopoietic cell morphology	0.101611	12.80299	43	3.35859	0.3412698	3.444062e-13	6.86566272608696e-11	2287	13.46866	43	3.192597	0.3412698	0.01880192	1.535066e-12	2.87276637142857e-10
MP:0002451	abnormal macrophage physiology	0.01638847	2.064947	19	9.201205	0.1507937	3.54854e-13	6.92342804255319e-11	355	2.090675	19	9.087972	0.1507937	0.05352113	2.958113e-13	6.45854671666667e-11
MP:0002411	decreased susceptibility to bacterial infection	0.004231233	0.5331354	12	22.50836	0.0952381	4.106583e-13	7.84528460625e-11	82	0.4829166	12	24.84901	0.0952381	0.1463415	5.963946e-14	1.51914957833333e-11
MP:0000685	abnormal immune system morphology	0.09898627	12.47227	42	3.36747	0.3333333	6.645241e-13	1.24360938714286e-10	2117	12.46749	42	3.368761	0.3333333	0.0198394	5.234951e-13	1.04357610152174e-10
MP:0003156	abnormal leukocyte migration	0.005906816	0.7442588	13	17.46704	0.1031746	9.782467e-13	1.7941044478e-10	139	0.8186025	13	15.88072	0.1031746	0.09352518	1.897559e-12	3.480123206e-10
MP:0005416	abnormal circulating protein level	0.03703195	4.666025	26	5.572194	0.2063492	1.023066e-12	1.83951278823529e-10	862	5.076513	26	5.121626	0.2063492	0.03016241	5.119886e-12	9.02872204230769e-10
MP:0001800	abnormal humoral immune response	0.02028504	2.555915	20	7.824985	0.1587302	1.504689e-12	2.65346117884615e-10	483	2.844496	20	7.031122	0.1587302	0.04140787	7.478746e-12	1.20036612258621e-09
MP:0002490	abnormal immunoglobulin level	0.01809661	2.280172	19	8.332703	0.1507937	1.958285e-12	3.38820253773585e-10	445	2.620706	19	7.249955	0.1507937	0.04269663	1.551074e-11	2.33169648852459e-09
MP:0005351	decreased susceptibility to autoimmune disorder	0.006391696	0.8053537	13	16.14198	0.1031746	2.592492e-12	4.40243548888889e-10	151	0.8892732	13	14.61868	0.1031746	0.08609272	5.502591e-12	9.4711920462963e-10
MP:0002396	abnormal hematopoietic system morphology/development	0.1189448	14.98704	45	3.002594	0.3571429	3.858778e-12	6.43363532e-10	2602	15.32377	45	2.936615	0.3571429	0.01729439	6.829736e-12	1.13870325672727e-09
MP:0008555	abnormal interferon secretion	0.01210643	1.525411	16	10.48898	0.1269841	4.321794e-12	7.076937675e-10	268	1.578313	16	10.13741	0.1269841	0.05970149	4.896016e-12	8.80322876862745e-10
MP:0008722	abnormal chemokine secretion	0.001906342	0.2401991	9	37.46892	0.07142857	4.479622e-12	7.20669012982456e-10	54	0.3180182	9	28.30026	0.07142857	0.1666667	2.713808e-11	3.888378025e-09
MP:0008559	abnormal interferon-gamma secretion	0.01021284	1.286818	15	11.65666	0.1190476	4.862194e-12	7.68729637586207e-10	232	1.366301	15	10.97855	0.1190476	0.06465517	7.592283e-12	1.20036612258621e-09
MP:0011180	abnormal hematopoietic cell number	0.0787615	9.923949	36	3.627588	0.2857143	6.217961e-12	9.66418684237288e-10	1705	10.04113	36	3.585253	0.2857143	0.02111437	7.036085e-12	1.15215891875e-09
MP:0005065	abnormal neutrophil morphology	0.01075701	1.355384	15	11.06698	0.1190476	1.000659e-11	1.529340505e-09	277	1.631316	15	9.195032	0.1190476	0.05415162	9.38789e-11	1.24763697536232e-08
MP:0008250	abnormal myeloid leukocyte morphology	0.03503799	4.414786	24	5.436277	0.1904762	1.437217e-11	2.16053768688525e-09	791	4.658378	24	5.152008	0.1904762	0.03034134	3.381201e-11	4.69782017727273e-09
MP:0010210	abnormal circulating cytokine level	0.009313786	1.173537	14	11.92975	0.1111111	1.920124e-11	2.83992533548387e-09	259	1.52531	14	9.178464	0.1111111	0.05405405	4.215336e-10	5.08613567368421e-08
MP:0012440	abnormal neutrophil cell number	0.009510943	1.198379	14	11.68245	0.1111111	2.521762e-11	3.67056468888889e-09	265	1.560645	14	8.97065	0.1111111	0.05283019	5.68619e-10	6.77173536363636e-08
MP:0002534	abnormal type IV hypersensitivity reaction	0.003407598	0.4293573	10	23.29063	0.07936508	2.839233e-11	4.0680885328125e-09	82	0.4829166	10	20.70751	0.07936508	0.1219512	5.22427e-11	7.04508175e-09
MP:0001828	abnormal T cell activation	0.01388534	1.749552	16	9.145197	0.1269841	3.219164e-11	4.54149752e-09	288	1.696097	16	9.433422	0.1269841	0.05555556	1.450583e-11	2.21697435166667e-09
MP:0008125	abnormal dendritic cell number	0.003497205	0.4406478	10	22.69386	0.07936508	3.646065e-11	5.06582061363636e-09	94	0.5535873	10	18.064	0.07936508	0.106383	2.080767e-10	2.68741315352113e-08
MP:0002441	abnormal granulocyte morphology	0.01904646	2.399854	18	7.500457	0.1428571	4.283523e-11	5.8626725238806e-09	460	2.709044	18	6.64441	0.1428571	0.03913043	2.292995e-10	2.92038390972222e-08
MP:0005094	abnormal T cell proliferation	0.0123485	1.555911	15	9.640652	0.1190476	6.710913e-11	9.04986356029412e-09	262	1.542977	15	9.721465	0.1190476	0.05725191	4.286344e-11	5.86653350447761e-09
MP:0020201	abnormal granulocyte number	0.01761811	2.219882	17	7.658065	0.1349206	1.132304e-10	1.48435183e-08	434	2.555924	17	6.651214	0.1349206	0.03917051	7.449715e-10	8.64732741139241e-08
MP:0008248	abnormal mononuclear phagocyte morphology	0.02301075	2.899354	19	6.553183	0.1507937	1.133093e-10	1.48435183e-08	511	3.009395	19	6.313562	0.1507937	0.037182	1.641785e-10	2.15073835e-08
MP:0000249	abnormal blood vessel physiology	0.01768031	2.227718	17	7.631126	0.1349206	1.194456e-10	1.5426988056338e-08	329	1.937556	17	8.773942	0.1349206	0.05167173	1.010999e-11	1.5713323440678e-09
MP:0008195	abnormal professional antigen presenting cell morphology	0.03923771	4.943952	24	4.854416	0.1904762	1.424263e-10	1.81395718194444e-08	789	4.6466	24	5.165067	0.1904762	0.03041825	3.209183e-11	4.52741663230769e-09
MP:0009789	decreased susceptibility to bacterial infection induced morbidity/mortality	0.001857997	0.2341076	8	34.17233	0.06349206	1.467967e-10	1.84400786164384e-08	34	0.2002337	8	39.95331	0.06349206	0.2352941	1.845337e-11	2.68599052222222e-09
MP:0002459	abnormal B cell physiology	0.02352389	2.96401	19	6.410234	0.1507937	1.633986e-10	2.02481778648649e-08	533	3.138958	19	6.052965	0.1507937	0.03564728	3.334411e-10	4.13196606351351e-08
MP:0009787	increased susceptibility to infection induced morbidity/mortality	0.004200803	0.5293012	10	18.89283	0.07936508	2.116961e-10	2.58833764933333e-08	116	0.6831503	10	14.63807	0.07936508	0.0862069	1.683864e-09	1.8382182e-07
MP:0020184	altered susceptibility to parasitic infection	0.004417495	0.5566043	10	17.96608	0.07936508	3.421573e-10	4.12839794868421e-08	121	0.7125964	10	14.03319	0.07936508	0.08264463	2.548031e-09	2.65516412159091e-07
MP:0020174	abnormal IgG level	0.01410824	1.777638	15	8.438161	0.1190476	4.117255e-10	4.87144728717949e-08	344	2.025894	15	7.404139	0.1190476	0.04360465	1.878959e-09	2.00349465465116e-07
MP:0005376	homeostasis/metabolism phenotype	0.2176697	27.42638	59	2.151213	0.468254	4.143652e-10	4.87144728717949e-08	4220	24.85254	59	2.374003	0.468254	0.01398104	5.577365e-12	9.4711920462963e-10
MP:0003628	abnormal leukocyte adhesion	0.002180111	0.274694	8	29.12331	0.06349206	5.099486e-10	5.91927678734177e-08	51	0.3003505	8	26.63554	0.06349206	0.1568627	5.953277e-10	6.99891667820513e-08
MP:0002376	abnormal dendritic cell physiology	0.006180903	0.7787938	11	14.12441	0.08730159	5.324873e-10	6.10363567625e-08	147	0.8657163	11	12.70624	0.08730159	0.07482993	1.141531e-09	1.30847990875e-07
MP:0005461	abnormal dendritic cell morphology	0.004687245	0.5905929	10	16.93214	0.07936508	6.015721e-10	6.81039031728395e-08	115	0.677261	10	14.76536	0.07936508	0.08695652	1.546329e-09	1.70841408795181e-07
MP:0009858	abnormal cellular extravasation	0.002262032	0.2850161	8	28.06859	0.06349206	6.791402e-10	7.59477516341463e-08	47	0.2767936	8	28.9024	0.06349206	0.1702128	2.99829e-10	3.76634510958904e-08
MP:0002412	increased susceptibility to bacterial infection	0.008390566	1.057211	12	11.35062	0.0952381	9.794071e-10	1.08206784421687e-07	240	1.413414	12	8.490079	0.0952381	0.05	1.900761e-08	1.815622746875e-06
MP:0013658	abnormal myeloid cell morphology	0.06756682	8.513419	30	3.523849	0.2380952	1.094836e-09	1.19519596666667e-07	1524	8.975181	30	3.342551	0.2380952	0.01968504	3.192331e-09	3.25263058555556e-07
MP:0001764	abnormal homeostasis	0.1923463	24.23563	54	2.228125	0.4285714	1.109631e-09	1.19709603176471e-07	3702	21.80192	54	2.476846	0.4285714	0.01458671	1.61011e-11	2.38140462903226e-09
MP:0002619	abnormal lymphocyte morphology	0.05253281	6.619134	26	3.928006	0.2063492	1.930666e-09	2.05862874651163e-07	1135	6.684272	26	3.889728	0.2063492	0.02290749	1.996548e-09	2.10440748965517e-07
MP:0003711	pathological neovascularization	0.004127206	0.5200279	9	17.30676	0.07142857	3.705391e-09	3.9055672954023e-07	82	0.4829166	9	18.63676	0.07142857	0.1097561	1.302535e-09	1.4566153597561e-07
MP:0002499	chronic inflammation	0.001830542	0.2306483	7	30.34924	0.05555556	4.806644e-09	5.00874153181818e-07	59	0.3474644	7	20.14595	0.05555556	0.1186441	5.495555e-08	4.7097419953271e-06
MP:0005164	abnormal response to injury	0.02270644	2.861012	17	5.941954	0.1349206	4.977157e-09	5.12814940337079e-07	447	2.632484	17	6.457778	0.1349206	0.03803132	1.165546e-09	1.31951318765432e-07
MP:0002993	arthritis	0.004364085	0.5498747	9	16.36737	0.07142857	5.972331e-09	6.08514169666667e-07	108	0.6360365	9	14.15013	0.07142857	0.08333333	1.529279e-08	1.47615667684211e-06
MP:0005095	decreased T cell proliferation	0.007959085	1.002845	11	10.9688	0.08730159	7.124312e-09	7.1791144e-07	153	0.9010516	11	12.20796	0.08730159	0.07189542	1.74743e-09	1.8851686e-07
MP:0008567	decreased interferon-gamma secretion	0.006216225	0.7832443	10	12.76741	0.07936508	8.616998e-09	8.58889909347826e-07	137	0.806824	10	12.39428	0.07936508	0.0729927	8.532099e-09	8.4128331e-07
MP:0001273	decreased metastatic potential	0.001150061	0.1449077	6	41.40566	0.04761905	1.012537e-08	9.98383256989247e-07	26	0.1531199	6	39.18498	0.04761905	0.2307692	7.735692e-09	7.7104669173913e-07
MP:0002933	joint inflammation	0.004687601	0.5906377	9	15.23777	0.07142857	1.098701e-08	1.07181789042553e-06	116	0.6831503	9	13.17426	0.07142857	0.07758621	2.865386e-08	2.60154352673267e-06
MP:0000717	abnormal lymphocyte cell number	0.04916428	6.1947	24	3.87428	0.1904762	1.167767e-08	1.12720246210526e-06	1044	6.148352	24	3.903485	0.1904762	0.02298851	8.662856e-09	8.45089250212766e-07
MP:0001533	abnormal skeleton physiology	0.03075384	3.874984	19	4.903247	0.1507937	1.258122e-08	1.20176861875e-06	538	3.168404	19	5.99671	0.1507937	0.03531599	3.898278e-10	4.766294568e-08
MP:0013657	abnormal blood cell morphology	0.07087086	8.929729	29	3.247579	0.2301587	1.359997e-08	1.28568788556701e-06	1567	9.228418	29	3.142467	0.2301587	0.0185067	2.443953e-08	2.261479724e-06
MP:0002410	decreased susceptibility to viral infection	0.002152642	0.2712329	7	25.80807	0.05555556	1.445589e-08	1.35265827857143e-06	52	0.3062398	7	22.85791	0.05555556	0.1346154	2.229883e-08	2.08653337857143e-06
MP:0005027	increased susceptibility to parasitic infection	0.003374104	0.4251371	8	18.81746	0.06349206	1.481299e-08	1.3720719020202e-06	93	0.5476981	8	14.60659	0.06349206	0.08602151	7.747269e-08	6.51765658073395e-06
MP:0002460	decreased immunoglobulin level	0.01090679	1.374256	12	8.731997	0.0952381	1.748072e-08	1.602982024e-06	275	1.619537	12	7.409524	0.0952381	0.04363636	8.489101e-08	7.07682328818182e-06
MP:0009790	decreased susceptibility to viral infection induced morbidity/mortality	0.000598972	0.07547047	5	66.25108	0.03968254	1.772576e-08	1.60935860594059e-06	23	0.1354522	5	36.91339	0.03968254	0.2173913	2.021496e-07	1.55774103529412e-05
MP:0008706	decreased interleukin-6 secretion	0.003525316	0.4441898	8	18.01032	0.06349206	2.070535e-08	1.86145156372549e-06	83	0.4888058	8	16.36642	0.06349206	0.09638554	3.151453e-08	2.83321804019608e-06
MP:0008704	abnormal interleukin-6 secretion	0.007030449	0.8858365	10	11.28876	0.07936508	2.707905e-08	2.41082416019417e-06	153	0.9010516	10	11.09814	0.07936508	0.06535948	2.466172e-08	2.261479724e-06
MP:0002446	abnormal macrophage morphology	0.01667979	2.101654	14	6.661422	0.1111111	3.090115e-08	2.72464947596154e-06	352	2.073008	14	6.753472	0.1111111	0.03977273	2.151378e-08	2.03382848041237e-06
MP:0008037	abnormal T cell morphology	0.03644958	4.592648	20	4.354787	0.1587302	3.507848e-08	3.06352058666667e-06	794	4.676046	20	4.277118	0.1587302	0.02518892	4.04934e-08	3.5364236e-06
MP:0008127	decreased dendritic cell number	0.002627213	0.3310288	7	21.1462	0.05555556	5.549952e-08	4.76094003518519e-06	63	0.3710213	7	18.86684	0.05555556	0.1111111	8.740655e-08	7.16839614375e-06
MP:0008588	abnormal circulating interleukin level	0.007601951	0.9578458	10	10.44009	0.07936508	5.570369e-08	4.76094003518519e-06	199	1.171956	10	8.532743	0.07936508	0.05025126	2.921194e-07	2.19568434262295e-05
MP:0008659	abnormal interleukin-10 secretion	0.002631225	0.3315343	7	21.11395	0.05555556	5.607214e-08	4.76094003518519e-06	64	0.3769105	7	18.57205	0.05555556	0.109375	9.766393e-08	7.85594945701754e-06
MP:0005616	decreased susceptibility to type IV hypersensitivity reaction	0.002640424	0.3326934	7	21.04039	0.05555556	5.740398e-08	4.82930730825688e-06	57	0.3356859	7	20.85283	0.05555556	0.122807	4.300667e-08	3.72048267830189e-06
MP:0011182	decreased hematopoietic cell number	0.05791564	7.297371	25	3.425891	0.1984127	6.022405e-08	5.02049580454545e-06	1250	7.361533	25	3.396032	0.1984127	0.02	6.258765e-08	5.31415509722222e-06
MP:0002435	abnormal effector T cell morphology	0.02724754	3.433191	17	4.951662	0.1349206	6.871264e-08	5.67653070990991e-06	563	3.315634	17	5.127224	0.1349206	0.03019538	3.559244e-08	3.16876383300971e-06
MP:0008688	decreased interleukin-2 secretion	0.002752271	0.3467861	7	20.18535	0.05555556	7.586088e-08	6.21110955e-06	56	0.3297967	7	21.2252	0.05555556	0.125	3.790936e-08	3.34258491538462e-06
MP:0009642	abnormal blood homeostasis	0.1389501	17.50771	41	2.341825	0.3253968	8.015715e-08	6.50478819026549e-06	2725	16.04814	41	2.554813	0.3253968	0.01504587	5.918145e-09	5.96366919230769e-07
MP:0008561	decreased tumor necrosis factor secretion	0.004266781	0.5376144	8	14.88055	0.06349206	8.822389e-08	7.09660588859649e-06	105	0.6183688	8	12.93726	0.06349206	0.07619048	1.999752e-07	1.55404456271186e-05
MP:0002461	increased immunoglobulin level	0.01031388	1.299549	11	8.464477	0.08730159	9.615236e-08	7.66710557565217e-06	252	1.484085	11	7.411974	0.08730159	0.04365079	3.00039e-07	2.22892749596774e-05
MP:0008556	abnormal tumor necrosis factor secretion	0.00809021	1.019366	10	9.810014	0.07936508	9.859956e-08	7.79446521724138e-06	186	1.095396	10	9.129118	0.07936508	0.05376344	1.559413e-07	1.2222065991453e-05
MP:0008661	decreased interleukin-10 secretion	0.001729379	0.2179017	6	27.53535	0.04761905	1.10305e-07	8.64527222222222e-06	38	0.2237906	6	26.81078	0.04761905	0.1578947	8.755293e-08	7.16839614375e-06
MP:0002418	increased susceptibility to viral infection	0.004671001	0.5885461	8	13.59282	0.06349206	1.744572e-07	1.35573942711864e-05	116	0.6831503	8	11.71045	0.06349206	0.06896552	4.317181e-07	3.14194839444444e-05
MP:0001805	decreased IgG level	0.008741278	1.101401	10	9.079345	0.07936508	1.996258e-07	1.53829292941176e-05	218	1.283851	10	7.789064	0.07936508	0.04587156	6.755375e-07	4.76513759615385e-05
MP:0008751	abnormal interleukin level	0.009018275	1.136303	10	8.800473	0.07936508	2.648621e-07	2.02398788083333e-05	232	1.366301	10	7.319034	0.07936508	0.04310345	1.189846e-06	7.96415169343066e-05
MP:0006387	abnormal T cell number	0.03440461	4.334981	18	4.152267	0.1428571	3.634281e-07	2.74921109836066e-05	733	4.316803	18	4.169752	0.1428571	0.02455662	3.014035e-07	2.22892749596774e-05
MP:0003091	abnormal cell migration	0.02714531	3.420309	16	4.67794	0.1269841	3.65762e-07	2.74921109836066e-05	410	2.414583	16	6.626403	0.1269841	0.03902439	2.581977e-09	2.66030663932584e-07
MP:0002429	abnormal blood cell morphology/development	0.04228396	5.32778	20	3.753909	0.1587302	3.732591e-07	2.78275280243902e-05	850	5.005842	20	3.995331	0.1587302	0.02352941	1.225199e-07	9.76963028695652e-06
MP:0002500	granulomatous inflammation	0.001141131	0.1437825	5	34.77474	0.03968254	4.212604e-07	3.11528860322581e-05	31	0.182566	5	27.38735	0.03968254	0.1612903	9.829684e-07	6.77730844210526e-05
MP:0008554	decreased circulating tumor necrosis factor level	0.001195631	0.1506494	5	33.18963	0.03968254	5.290258e-07	3.8809332688e-05	44	0.259126	5	19.29563	0.03968254	0.1136364	5.909587e-06	0.000330748648231707
MP:0000222	decreased neutrophil cell number	0.003692718	0.4652824	7	15.04463	0.05555556	5.385019e-07	3.91909716111111e-05	122	0.7184856	7	9.742714	0.05555556	0.05737705	7.942349e-06	0.000441402062606061
MP:0009788	increased susceptibility to bacterial infection induced morbidity/mortality	0.002312315	0.2913517	6	20.59367	0.04761905	5.936988e-07	4.28678582362205e-05	72	0.4240243	6	14.15013	0.04761905	0.08333333	4.208049e-06	0.000247357752115385
MP:0003436	decreased susceptibility to induced arthritis	0.002330014	0.2935818	6	20.43724	0.04761905	6.20365e-07	4.4443336328125e-05	57	0.3356859	6	17.87385	0.04761905	0.1052632	1.050377e-06	7.13478302962963e-05
MP:0012762	abnormal alpha-beta T cell morphology	0.02840659	3.57923	16	4.470235	0.1269841	6.626146e-07	4.7102138620155e-05	585	3.445197	16	4.644146	0.1269841	0.02735043	3.527098e-07	2.5874790928e-05
MP:0000343	altered response to myocardial infarction	0.00385922	0.4862617	7	14.39554	0.05555556	7.207017e-07	5.08371891461538e-05	73	0.4299135	7	16.28234	0.05555556	0.09589041	2.451744e-07	1.87354104e-05
MP:0000322	increased granulocyte number	0.01028081	1.295382	10	7.71973	0.07936508	8.595296e-07	6.0167072e-05	250	1.472307	10	6.792063	0.07936508	0.04	2.331421e-06	0.000146432401164384
MP:0012441	abnormal monocyte cell number	0.007932482	0.9994928	9	9.004567	0.07142857	8.888384e-07	6.17473343030303e-05	189	1.113064	9	8.08579	0.07142857	0.04761905	1.833087e-06	0.0001200671985
MP:0008719	impaired neutrophil recruitment	0.00251353	0.3167048	6	18.94509	0.04761905	9.594647e-07	6.5888954641791e-05	46	0.2709044	6	22.14803	0.04761905	0.1304348	2.858481e-07	2.16630336942149e-05
MP:0008658	decreased interleukin-1 beta secretion	0.001352002	0.1703522	5	29.35096	0.03968254	9.628266e-07	6.5888954641791e-05	32	0.1884552	5	26.5315	0.03968254	0.15625	1.159522e-06	7.81824760294118e-05
MP:0000858	altered metastatic potential	0.00251967	0.3174784	6	18.89892	0.04761905	9.730009e-07	6.60919870592593e-05	56	0.3297967	6	18.19303	0.04761905	0.1071429	9.443381e-07	6.56028816439394e-05
MP:0002620	abnormal monocyte morphology	0.00803313	1.012174	9	8.891749	0.07142857	9.851672e-07	6.64263472352941e-05	194	1.14251	9	7.877393	0.07142857	0.04639175	2.27376e-06	0.00014379571862069
MP:0002551	abnormal blood coagulation	0.01044869	1.316535	10	7.595694	0.07936508	9.929391e-07	6.64616901240876e-05	212	1.248516	10	8.009509	0.07936508	0.04716981	5.232439e-07	3.77806815984252e-05
MP:0009676	abnormal hemostasis	0.0104854	1.32116	10	7.569105	0.07936508	1.024405e-06	6.80709699275362e-05	214	1.260294	10	7.934654	0.07936508	0.04672897	5.702686e-07	4.0854398921875e-05
MP:0004800	decreased susceptibility to experimental autoimmune encephalomyelitis	0.002589562	0.3262848	6	18.38885	0.04761905	1.138407e-06	7.51021020863309e-05	69	0.4063566	6	14.76536	0.04761905	0.08695652	3.275549e-06	0.000201589156577181
MP:0005088	increased acute inflammation	0.004244764	0.5348403	7	13.08802	0.05555556	1.348523e-06	8.7701814964539e-05	125	0.7361533	7	9.508889	0.05555556	0.056	9.318193e-06	0.000508618034583333
MP:0008566	increased interferon-gamma secretion	0.004254403	0.5360548	7	13.05837	0.05555556	1.368736e-06	8.83895008450704e-05	109	0.6419257	7	10.90469	0.05555556	0.06422018	3.763412e-06	0.000225558745359477
MP:0009764	decreased sensitivity to induced morbidity/mortality	0.004317411	0.5439938	7	12.86779	0.05555556	1.50721e-06	9.66511587412587e-05	83	0.4888058	7	14.32062	0.05555556	0.08433735	5.950775e-07	4.23012455426357e-05
MP:0000691	enlarged spleen	0.01666281	2.099514	12	5.715609	0.0952381	1.539189e-06	9.8016410625e-05	371	2.184903	12	5.492235	0.0952381	0.03234501	2.044839e-06	0.000131127088321678
MP:0008552	abnormal circulating tumor necrosis factor level	0.002772097	0.3492842	6	17.17799	0.04761905	1.681379e-06	0.000106332727103448	105	0.6183688	6	9.702948	0.04761905	0.05714286	3.700158e-05	0.00180481110957447
MP:0011518	abnormal cell chemotaxis	0.00446442	0.5625169	7	12.44407	0.05555556	1.876474e-06	0.000117857990273973	109	0.6419257	7	10.90469	0.05555556	0.06422018	3.763412e-06	0.000225558745359477
MP:0002423	abnormal mast cell physiology	0.002911555	0.366856	6	16.35519	0.04761905	2.225152e-06	0.000137869215135135	60	0.3533536	6	16.98016	0.04761905	0.1	1.428379e-06	9.42319095683453e-05
MP:0002123	abnormal definitive hematopoiesis	0.03535574	4.454823	17	3.816089	0.1349206	2.462407e-06	0.000151545450939597	696	4.098902	17	4.147453	0.1349206	0.02442529	7.146553e-07	5.0025871e-05
MP:0000221	decreased leukocyte cell number	0.04793179	6.039405	20	3.311584	0.1587302	2.545658e-06	0.000155624559066667	1022	6.018789	20	3.322927	0.1587302	0.01956947	2.195329e-06	0.000139799770347222
MP:0000693	spleen hyperplasia	0.003010484	0.3793209	6	15.81774	0.04761905	2.691692e-06	0.000163462355231788	76	0.4475812	6	13.40539	0.04761905	0.07894737	5.776187e-06	0.000326960708580247
MP:0003448	abnormal tumor morphology	0.004979327	0.6273952	7	11.15724	0.05555556	3.819362e-06	0.000230418089078947	99	0.5830334	7	12.00617	0.05555556	0.07070707	1.973937e-06	0.000127471847112676
MP:0008686	abnormal interleukin-2 secretion	0.00500937	0.6311806	7	11.09033	0.05555556	3.971231e-06	0.000238014302418301	99	0.5830334	7	12.00617	0.05555556	0.07070707	1.973937e-06	0.000127471847112676
MP:0004883	abnormal vascular wound healing	0.003234609	0.4075607	6	14.72173	0.04761905	4.047331e-06	0.000241000164090909	57	0.3356859	6	17.87385	0.04761905	0.1052632	1.050377e-06	7.13478302962963e-05
MP:0000218	increased leukocyte cell number	0.04091687	5.155525	18	3.4914	0.1428571	4.16499e-06	0.000246406182580645	880	5.182519	18	3.473214	0.1428571	0.02045455	4.075846e-06	0.000241132308516129
MP:0005023	abnormal wound healing	0.007212341	0.9087549	8	8.803254	0.06349206	4.321108e-06	0.000254003592051282	151	0.8892732	8	8.996111	0.06349206	0.05298013	3.177651e-06	0.000196885538310811
MP:0013693	abnormal hemopoiesis	0.03700101	4.662127	17	3.646404	0.1349206	4.488903e-06	0.000262186245286624	726	4.275578	17	3.97607	0.1349206	0.02341598	1.274045e-06	8.46593670289855e-05
MP:0005018	decreased T cell number	0.02560356	3.226048	14	4.339675	0.1111111	4.864233e-06	0.000282310231708861	536	3.156625	14	4.435116	0.1111111	0.0261194	3.420147e-06	0.000208567520463576
MP:0008680	abnormal interleukin-17 secretion	0.001933089	0.2435692	5	20.52805	0.03968254	5.42702e-06	0.000312992285534591	52	0.3062398	5	16.32708	0.03968254	0.09615385	1.361995e-05	0.000726133380813954
MP:0008752	abnormal tumor necrosis factor level	0.005291258	0.6666985	7	10.4995	0.05555556	5.658029e-06	0.0003242757870625	137	0.806824	7	8.675994	0.05555556	0.05109489	1.695557e-05	0.000873497623033708
MP:0011181	increased hematopoietic cell number	0.04695734	5.916625	19	3.21129	0.1507937	7.223517e-06	0.000411426403043478	1031	6.071792	19	3.129224	0.1507937	0.01842871	9.568297e-06	0.000519179192248521
MP:0002722	abnormal immune system organ morphology	0.05174901	6.520376	20	3.067308	0.1587302	7.914738e-06	0.000448013255925926	1076	6.336808	20	3.156163	0.1587302	0.01858736	4.766763e-06	0.000276653270316456
MP:0005011	increased eosinophil cell number	0.002162299	0.2724497	5	18.35201	0.03968254	9.287247e-06	0.000522478864969325	65	0.3827997	5	13.06166	0.03968254	0.07692308	4.072053e-05	0.00197569978888889
MP:0001614	abnormal blood vessel morphology	0.06231004	7.851065	22	2.802168	0.1746032	1.090159e-05	0.000603050134939759	1022	6.018789	22	3.65522	0.1746032	0.02152642	1.249345e-07	9.87628762931034e-06
MP:0020148	abnormal sensitivity to induced morbidity/mortality	0.02024632	2.551036	12	4.703972	0.0952381	1.091672e-05	0.000603050134939759	378	2.226128	12	5.390527	0.0952381	0.03174603	2.480187e-06	0.000154716427142857
MP:0020180	abnormal IgM level	0.008224817	1.036327	8	7.719572	0.06349206	1.111884e-05	0.000610537501796407	185	1.089507	8	7.342771	0.06349206	0.04324324	1.414538e-05	0.000745477785057471
MP:0000219	increased neutrophil cell number	0.006019053	0.7584007	7	9.229949	0.05555556	1.293303e-05	0.0007059278875	152	0.8951624	7	7.81981	0.05555556	0.04605263	3.313887e-05	0.00163378192419355
MP:0012763	abnormal alpha-beta T cell number	0.02420706	3.05009	13	4.26217	0.1031746	1.306562e-05	0.000708945179881657	485	2.856275	13	4.551383	0.1031746	0.02680412	5.915243e-06	0.000330748648231707
MP:0001601	abnormal myelopoiesis	0.006061915	0.7638013	7	9.164687	0.05555556	1.353144e-05	0.000729901792941176	110	0.6478149	7	10.80556	0.05555556	0.06363636	3.999691e-06	0.000238163418636364
MP:0002405	respiratory system inflammation	0.008476776	1.068074	8	7.490119	0.06349206	1.378697e-05	0.000739336344444444	174	1.024725	8	7.80697	0.06349206	0.04597701	9.052037e-06	0.000499099982814371
MP:0001544	abnormal cardiovascular system physiology	0.08375041	10.55255	26	2.463859	0.2063492	1.490656e-05	0.000794727646511628	1369	8.062351	26	3.224866	0.2063492	0.01899196	9.07003e-08	7.36036947787611e-06
MP:0000240	extramedullary hematopoiesis	0.00412845	0.5201847	6	11.53436	0.04761905	1.596734e-05	0.000841497171264368	110	0.6478149	6	9.261905	0.04761905	0.05454545	4.807979e-05	0.00226098294512821
MP:0000701	abnormal lymph node size	0.008824993	1.111949	8	7.194574	0.06349206	1.834633e-05	0.000961347692	179	1.054172	8	7.588898	0.06349206	0.04469274	1.113152e-05	0.000596935897076023
MP:0002006	neoplasm	0.02904106	3.659173	14	3.826001	0.1111111	1.974053e-05	0.00102271559378531	584	3.439308	14	4.070586	0.1111111	0.0239726	9.089389e-06	0.000499099982814371
MP:0000689	abnormal spleen morphology	0.03739545	4.711827	16	3.395711	0.1269841	2.093279e-05	0.00107839148483146	793	4.670157	16	3.426009	0.1269841	0.02017654	1.736048e-05	0.000889360902793296
MP:0001860	liver inflammation	0.004353438	0.5485332	6	10.93826	0.04761905	2.145422e-05	0.00108865480055249	121	0.7125964	6	8.419913	0.04761905	0.04958678	8.184975e-05	0.00355716686018957
MP:0008595	abnormal circulating interleukin-6 level	0.004354678	0.5486894	6	10.93515	0.04761905	2.148817e-05	0.00108865480055249	108	0.6360365	6	9.433422	0.04761905	0.05555556	4.336834e-05	0.00206055791606218
MP:0010639	altered tumor pathology	0.0066318	0.8356068	7	8.377146	0.05555556	2.392593e-05	0.0011989113557377	141	0.8303809	7	8.429866	0.05555556	0.04964539	2.043244e-05	0.00102948063076923
MP:0000334	decreased granulocyte number	0.009241175	1.164388	8	6.870562	0.06349206	2.539722e-05	0.00126572014891304	225	1.325076	8	6.03739	0.06349206	0.03555556	5.724127e-05	0.00258572633448276
MP:0005010	abnormal CD8-positive, alpha beta T cell morphology	0.015219	1.917594	10	5.214868	0.07936508	2.581673e-05	0.00127967250864865	306	1.802103	10	5.549071	0.07936508	0.03267974	1.380278e-05	0.000731627124855491
MP:0002531	abnormal type I hypersensitivity reaction	0.002693576	0.3393906	5	14.73229	0.03968254	2.641244e-05	0.00130216169247312	71	0.4181351	5	11.95786	0.03968254	0.07042254	6.240389e-05	0.00279685536780488
MP:0003447	decreased tumor growth/size	0.002698534	0.3400153	5	14.70522	0.03968254	2.664315e-05	0.00130651168716578	54	0.3180182	5	15.72237	0.03968254	0.09259259	1.64181e-05	0.000855420323863636
MP:0002432	abnormal CD4-positive, alpha beta T cell morphology	0.01870562	2.356908	11	4.667131	0.08730159	2.769212e-05	0.00135072734255319	377	2.220238	11	4.954423	0.08730159	0.02917772	1.462535e-05	0.00076636834
MP:0002998	abnormal bone remodeling	0.009420606	1.186996	8	6.739701	0.06349206	2.90715e-05	0.00141050611111111	157	0.9246086	8	8.65231	0.06349206	0.05095541	4.245249e-06	0.000247954989363057
MP:0001861	lung inflammation	0.006886922	0.8677521	7	8.06682	0.05555556	3.034992e-05	0.00146478298105263	145	0.8539378	7	8.197318	0.05555556	0.04827586	2.447783e-05	0.0012265666726776
MP:0020202	abnormal macrophage cell number	0.00949185	1.195973	8	6.689113	0.06349206	3.064892e-05	0.00147146909109948	202	1.189624	8	6.724815	0.06349206	0.03960396	2.664428e-05	0.00132069214918919
MP:0008656	abnormal interleukin-1 beta secretion	0.002813497	0.3545006	5	14.10435	0.03968254	3.244694e-05	0.00154967937395833	69	0.4063566	5	12.30446	0.03968254	0.07246377	5.437387e-05	0.00248063874577114
MP:0002493	increased IgG level	0.007368687	0.9284546	7	7.53941	0.05555556	4.635175e-05	0.00217972075641026	174	1.024725	7	6.831098	0.05555556	0.04022989	7.811846e-05	0.00342949795263158
MP:0000220	increased monocyte cell number	0.00503228	0.6340673	6	9.462718	0.04761905	4.77508e-05	0.00223405528571429	120	0.7067072	6	8.490079	0.04761905	0.05	7.816413e-05	0.00342949795263158
MP:0005013	increased lymphocyte cell number	0.02763386	3.481866	13	3.73363	0.1031746	5.08575e-05	0.00235537007575758	585	3.445197	13	3.773369	0.1031746	0.02222222	4.240189e-05	0.00202513193385417
MP:0013802	abnormal IgG2 level	0.007582809	0.9554339	7	7.326514	0.05555556	5.540242e-05	0.002540200957	175	1.030615	7	6.792063	0.05555556	0.04	8.098009e-05	0.00353613059666667
MP:0002398	abnormal bone marrow cell morphology/development	0.02401486	3.025872	12	3.965799	0.0952381	5.685976e-05	0.00258120791683168	457	2.691376	12	4.458685	0.0952381	0.02625821	1.686769e-05	0.000873497623033708
MP:0008650	abnormal interleukin-1 secretion	0.003175507	0.4001139	5	12.49644	0.03968254	5.731325e-05	0.00258897784482759	73	0.4299135	5	11.63025	0.03968254	0.06849315	7.131921e-05	0.00315940654927536
MP:0002052	decreased tumor incidence	0.005297107	0.6674355	6	8.989633	0.04761905	6.32237e-05	0.00282810404390244	99	0.5830334	6	10.29101	0.04761905	0.06060606	2.651413e-05	0.00132069214918919
MP:0005016	decreased lymphocyte cell number	0.03740377	4.712875	15	3.18277	0.1190476	7.966209e-05	0.00351757893509615	776	4.57004	15	3.282247	0.1190476	0.0193299	5.283194e-05	0.00243451703417085
MP:0002221	abnormal lymph organ size	0.03746061	4.720037	15	3.177941	0.1190476	8.100938e-05	0.00355433499808612	779	4.587707	15	3.269607	0.1190476	0.01925546	5.518367e-05	0.00250512006881188
MP:0012765	decreased alpha-beta T cell number	0.01420876	1.790303	9	5.027081	0.07142857	8.730045e-05	0.00379405273222749	294	1.731433	9	5.198008	0.07142857	0.03061224	6.252512e-05	0.00279685536780488
MP:0008698	abnormal interleukin-4 secretion	0.005629731	0.709346	6	8.458495	0.04761905	8.807023e-05	0.00380945287311321	111	0.6537041	6	9.178464	0.04761905	0.05405405	5.058445e-05	0.00235461627664975
MP:0005621	abnormal cell physiology	0.1481154	18.66254	35	1.875414	0.2777778	0.0001282916	0.00542135470967742	2684	15.80668	35	2.214253	0.2777778	0.01304024	3.434427e-06	0.000208567520463576
MP:0003762	abnormal immune organ physiology	0.006087714	0.767052	6	7.822156	0.04761905	0.0001343819	0.00565266983027523	134	0.7891563	6	7.603056	0.04761905	0.04477612	0.0001436537	0.00577765100438597
MP:0020176	abnormal IgG2a level	0.006275515	0.7907149	6	7.58807	0.04761905	0.0001581963	0.00657555503153153	138	0.8127133	6	7.382678	0.04761905	0.04347826	0.000168698	0.00652726016877637
MP:0008079	decreased CD8-positive, alpha-beta T cell number	0.009364536	1.179932	7	5.932548	0.05555556	0.0002019219	0.00808569355021834	190	1.118953	7	6.255848	0.05555556	0.03684211	0.0001352235	0.00548672342920354
MP:0005348	increased T cell proliferation	0.004229316	0.5328938	5	9.382732	0.03968254	0.0002161529	0.00858061512121212	110	0.6478149	5	7.718254	0.03968254	0.04545455	0.0004886726	0.0165967694148148
MP:0002224	abnormal spleen size	0.02811646	3.542674	12	3.387272	0.0952381	0.000244569	0.00954339459574468	581	3.421641	12	3.50709	0.0952381	0.02065404	0.0001679125	0.0065243967161017
MP:0005166	decreased susceptibility to injury	0.00698774	0.8804553	6	6.814656	0.04761905	0.0002804202	0.0108500136455696	136	0.8009348	6	7.491246	0.04761905	0.04411765	0.0001557778	0.00610462575213675
MP:0002133	abnormal respiratory system physiology	0.04707651	5.93164	16	2.697399	0.1269841	0.0002997037	0.0115474072647059	717	4.222575	16	3.789157	0.1269841	0.0223152	4.959046e-06	0.00028600284163522
MP:0013804	decreased IgG2 level	0.004617946	0.5818611	5	8.593116	0.03968254	0.0003227008	0.0122786984896266	104	0.6124796	5	8.163538	0.03968254	0.04807692	0.0003776252	0.0130672569207547
MP:0002458	abnormal B cell number	0.02526178	3.182984	11	3.455876	0.08730159	0.0003779628	0.0141466076571429	467	2.750269	11	3.999609	0.08730159	0.0235546	0.0001016089	0.00433373773488372
MP:0002339	abnormal lymph node morphology	0.01375074	1.732594	8	4.617355	0.06349206	0.0003815304	0.0142220884878049	273	1.607759	8	4.975871	0.06349206	0.02930403	0.0002174885	0.0082072820781893
MP:0008077	abnormal CD8-positive, alpha-beta T cell number	0.01379525	1.738202	8	4.602458	0.06349206	0.0003897145	0.0144087510281125	278	1.637205	8	4.886377	0.06349206	0.02877698	0.0002458749	0.00912823009311741
MP:0008171	abnormal mature B cell morphology	0.02535914	3.195252	11	3.442608	0.08730159	0.0003902729	0.0144087510281125	470	2.767936	11	3.97408	0.08730159	0.02340426	0.0001075007	0.00449903125
MP:0005370	liver/biliary system phenotype	0.05346923	6.737123	17	2.523332	0.1349206	0.0004135367	0.0151080937808765	1079	6.354475	17	2.67528	0.1349206	0.01575533	0.0002000599	0.00770819026470588
MP:0002414	abnormal myeloblast morphology/development	0.007556604	0.9521321	6	6.301646	0.04761905	0.0004232596	0.0154019465555556	164	0.9658331	6	6.212253	0.04761905	0.03658537	0.0004272436	0.014673497423221
MP:0005502	abnormal renal/urinary system physiology	0.03004295	3.785411	12	3.170065	0.0952381	0.0004419965	0.0159571177362205	565	3.327413	12	3.606405	0.0952381	0.02123894	0.0001295818	0.00528117824888889
MP:0002136	abnormal kidney physiology	0.01781327	2.244472	9	4.009852	0.07142857	0.0004578913	0.0164018094570312	322	1.896331	9	4.746007	0.07142857	0.02795031	0.0001249075	0.00515946745495495
MP:0005385	cardiovascular system phenotype	0.1332184	16.78552	31	1.84683	0.2460317	0.000460189	0.0164199732684825	2260	13.30965	31	2.329137	0.2460317	0.01371681	5.339163e-06	0.000304100153478261
MP:0013760	abnormal T-helper cell morphology	0.005183708	0.6531472	5	7.655242	0.03968254	0.0005435635	0.0190976141570881	104	0.6124796	5	8.163538	0.03968254	0.04807692	0.0003776252	0.0130672569207547
MP:0000920	abnormal myelination	0.008151531	1.027093	6	5.84173	0.04761905	0.0006277893	0.0216422100789474	137	0.806824	6	7.436566	0.04761905	0.04379562	0.0001621361	0.00632675760425532
MP:0000260	abnormal angiogenesis	0.02307142	2.906999	10	3.439974	0.07936508	0.0007246283	0.0246105241148148	320	1.884552	10	5.3063	0.07936508	0.03125	2.028085e-05	0.00102748836740332
MP:0005014	increased B cell number	0.01164147	1.466825	7	4.772213	0.05555556	0.000732684	0.0247922962361624	232	1.366301	7	5.123324	0.05555556	0.03017241	0.0004558927	0.0155990151455224
MP:0002602	abnormal eosinophil cell number	0.005681296	0.7158433	5	6.984769	0.03968254	0.0008180082	0.0270939788705036	127	0.7479318	5	6.685102	0.03968254	0.03937008	0.0009376099	0.0296478716655172
MP:0004939	abnormal B cell morphology	0.02784464	3.508424	11	3.135311	0.08730159	0.0008400393	0.0276098938387097	528	3.109512	11	3.537533	0.08730159	0.02083333	0.0002940693	0.0107434879721116
MP:0000130	abnormal trabecular bone morphology	0.0120323	1.51607	7	4.6172	0.05555556	0.0008868273	0.028940236088968	233	1.37219	7	5.101335	0.05555556	0.03004292	0.0004677486	0.0159451846171004
MP:0005061	abnormal eosinophil morphology	0.005816299	0.7328536	5	6.822645	0.03968254	0.0009076489	0.0295146823156028	131	0.7714887	5	6.480977	0.03968254	0.03816794	0.001077277	0.0330388966220736
MP:0008874	decreased physiological sensitivity to xenobiotic	0.01223645	1.541792	7	4.540171	0.05555556	0.0009769347	0.0314333024526316	223	1.313297	7	5.330095	0.05555556	0.03139013	0.0003596227	0.0125867945
MP:0000702	enlarged lymph nodes	0.006008384	0.7570564	5	6.604528	0.03968254	0.001047545	0.0334507908680556	129	0.7597102	5	6.581457	0.03968254	0.03875969	0.001005643	0.0311545483445946
MP:0013762	abnormal effector T cell number	0.009012279	1.135547	6	5.283796	0.04761905	0.001050581	0.0334507908680556	155	0.9128301	6	6.572965	0.04761905	0.03870968	0.0003161443	0.0114586688972332
MP:0002138	abnormal hepatobiliary system morphology	0.04788765	6.033843	15	2.485978	0.1190476	0.001069724	0.0338254106206897	959	5.647768	15	2.655916	0.1190476	0.01564129	0.0005244337	0.0175418465345455
MP:0001663	abnormal digestive system physiology	0.0245472	3.092947	10	3.233162	0.07936508	0.001153732	0.0362319261643836	477	2.809161	10	3.559782	0.07936508	0.02096436	0.0005308494	0.0176372789782609
MP:0008073	abnormal CD4-positive, alpha beta T cell number	0.01652209	2.081783	8	3.842859	0.06349206	0.001242854	0.0386338006101695	331	1.949334	8	4.103966	0.06349206	0.02416918	0.000779689	0.0250868355438596
MP:0005319	abnormal enzyme/coenzyme level	0.02503029	3.153817	10	3.170761	0.07936508	0.001332686	0.0406004339534884	535	3.150736	10	3.173861	0.07936508	0.01869159	0.001270115	0.0378147875
MP:0000598	abnormal liver morphology	0.04421779	5.571442	14	2.512815	0.1111111	0.001427299	0.0433388471192053	877	5.164852	14	2.71063	0.1111111	0.01596351	0.0006653723	0.021869046562724
MP:0002127	abnormal cardiovascular system morphology	0.1014792	12.78638	24	1.876998	0.1904762	0.001853654	0.0536214737539432	1709	10.06469	24	2.384575	0.1904762	0.0140433	5.347644e-05	0.002451894774
MP:0002792	abnormal retinal vasculature morphology	0.006946703	0.8752845	5	5.712428	0.03968254	0.001971464	0.0565456445987654	128	0.753821	5	6.632875	0.03968254	0.0390625	0.0009711835	0.0302916758333333
MP:0005460	abnormal leukopoiesis	0.02645206	3.33296	10	3.000336	0.07936508	0.001994806	0.0565456445987654	510	3.003505	10	3.329443	0.07936508	0.01960784	0.000886371	0.0281246438408304
MP:0005595	abnormal vascular smooth muscle physiology	0.0071709	0.9035334	5	5.53383	0.03968254	0.002259976	0.0621656472238806	122	0.7184856	5	6.959081	0.03968254	0.04098361	0.0007825265	0.0250900979195804
MP:0001120	abnormal uterus morphology	0.01051046	1.324318	6	4.530634	0.04761905	0.002271046	0.0621656472238806	159	0.936387	6	6.407607	0.04761905	0.03773585	0.0003623038	0.0126324176653992
MP:0000259	abnormal vascular development	0.03197888	4.029339	11	2.729977	0.08730159	0.002492455	0.0666611144897959	447	2.632484	11	4.178563	0.08730159	0.0246085	6.893773e-05	0.00306873293252427
MP:0012764	increased alpha-beta T cell number	0.01089577	1.372867	6	4.370417	0.04761905	0.002710923	0.0714343790517241	213	1.254405	6	4.783143	0.04761905	0.02816901	0.001659387	0.0468202424307692
MP:0005388	respiratory system phenotype	0.07125774	8.978475	18	2.004795	0.1428571	0.00368649	0.090873960483871	1140	6.713718	18	2.681078	0.1428571	0.01578947	0.0001244278	0.00515946745495495
MP:0009765	abnormal xenobiotic induced morbidity/mortality	0.008416368	1.060462	5	4.714924	0.03968254	0.004449393	0.105428769534884	141	0.8303809	5	6.021333	0.03968254	0.03546099	0.001493597	0.0432913104716981
MP:0000477	abnormal intestine morphology	0.02105789	2.653295	8	3.015119	0.06349206	0.005411737	0.122230611551724	344	2.025894	8	3.948874	0.06349206	0.02325581	0.0009993005	0.0310630019830508
MP:0003881	abnormal nephron morphology	0.02136475	2.691959	8	2.971813	0.06349206	0.005886316	0.130066307759036	361	2.126011	8	3.762916	0.06349206	0.02216066	0.001358518	0.039673917388535
MP:0000952	abnormal CNS glial cell morphology	0.01334524	1.681501	6	3.568241	0.04761905	0.007148709	0.152096662482599	214	1.260294	6	4.760792	0.04761905	0.02803738	0.001699166	0.0476493951681957
MP:0005379	endocrine/exocrine gland phenotype	0.1018538	12.83358	22	1.714253	0.1746032	0.008477369	0.171775597880795	1867	10.99519	22	2.000876	0.1746032	0.01178361	0.001275692	0.0378579146925566
MP:0002925	abnormal cardiovascular development	0.04740875	5.973502	11	1.841466	0.08730159	0.03762929	0.530046988172043	659	3.881	11	2.834321	0.08730159	0.01669196	0.001800407	0.0495890539349112
