ID	name	Binom_Genome_Fraction	Binom_Expected	Binom_Observed_Region_Hits	Binom_Fold_Enrichment	Binom_Region_Set_Coverage	Binom_Raw_PValue	Binom_Adjp_BH	Hyper_Total_Genes	Hyper_Expected	Hyper_Observed_Gene_Hits	Hyper_Fold_Enrichment	Hyper_Gene_Set_Coverage	Hyper_Term_Gene_Coverage	Hyper_Raw_PValue	Hyper_Adjp_BH
MP:0001790	abnormal immune system physiology	0.09223447	19.73818	56	2.837141	0.2616822	5.626071e-13	5.159107107e-09	1998	19.98467	56	2.802148	0.2616822	0.02802803	6.480784e-13	5.942878928e-09
MP:0001819	abnormal immune cell physiology	0.05317682	11.37984	40	3.514988	0.1869159	4.277285e-12	1.9611351725e-08	1221	12.21285	40	3.275238	0.1869159	0.03276003	2.586323e-11	1.1858290955e-07
MP:0002421	abnormal cell-mediated immunity	0.05343876	11.4359	39	3.410315	0.182243	2.03119e-11	6.20867076666667e-08	1234	12.34288	39	3.159715	0.182243	0.03160454	1.378318e-10	4.0921125e-07
MP:0002420	abnormal adaptive immunity	0.05439659	11.64087	39	3.350265	0.182243	3.422493e-11	7.8460652025e-08	1254	12.54293	39	3.109321	0.182243	0.03110048	2.201983e-10	4.0921125e-07
MP:0002442	abnormal leukocyte physiology	0.05274423	11.28726	38	3.366626	0.1775701	5.548229e-11	1.0175451986e-07	1198	11.9828	38	3.171212	0.1775701	0.03171953	2.23125e-10	4.0921125e-07
MP:0001845	abnormal inflammatory response	0.04403694	9.423905	34	3.607846	0.1588785	1.112073e-10	1.36152835875e-07	1008	10.08236	34	3.372228	0.1588785	0.03373016	4.709881e-10	5.39870109625e-07
MP:0002452	abnormal professional antigen presenting cell physiology	0.03697918	7.913545	31	3.917334	0.1448598	1.133208e-10	1.36152835875e-07	831	8.311942	31	3.729574	0.1448598	0.03730445	2.690263e-10	4.11161861833333e-07
MP:0012382	abnormal blood cell physiology	0.05677648	12.15017	39	3.209832	0.182243	1.187811e-10	1.36152835875e-07	1304	13.04305	39	2.990099	0.182243	0.02990798	6.793563e-10	6.842466932e-07
MP:0002406	increased susceptibility to infection	0.01536875	3.288912	20	6.081039	0.09345794	2.08526e-10	2.031188012e-07	414	4.140968	20	4.829789	0.09345794	0.04830918	7.367087e-09	5.19662983e-06
MP:0001545	abnormal hematopoietic system physiology	0.06069022	12.98771	40	3.079835	0.1869159	2.215036e-10	2.031188012e-07	1367	13.67319	40	2.925432	0.1869159	0.02926116	7.461796e-10	6.842466932e-07
MP:0005387	immune system phenotype	0.1392002	29.78885	65	2.182025	0.3037383	4.658279e-10	3.88331076636364e-07	2971	29.71694	65	2.187304	0.3037383	0.02187816	3.299865e-10	4.32282315e-07
MP:0002723	abnormal immune serum protein physiology	0.03959178	8.47264	31	3.658836	0.1448598	5.838983e-10	4.46195617583333e-07	928	9.282169	31	3.339737	0.1448598	0.03340517	3.805997e-09	3.17281749909091e-06
MP:0005025	abnormal response to infection	0.02097348	4.488324	22	4.901607	0.1028037	1.339473e-09	9.44843646923077e-07	537	5.371255	22	4.095877	0.1028037	0.04096834	2.498728e-08	1.52755571733333e-05
MP:0001793	altered susceptibility to infection	0.01915563	4.099305	21	5.12282	0.09813084	1.505455e-09	9.86073025e-07	500	5.001168	21	4.199019	0.09813084	0.042	3.465026e-08	1.98589302625e-05
MP:0002418	increased susceptibility to viral infection	0.004671001	0.9995942	11	11.00447	0.05140187	8.059622e-09	4.92711558266667e-06	116	1.160271	11	9.480543	0.05140187	0.09482759	2.432684e-08	1.52755571733333e-05
MP:0008835	abnormal intercellular signaling peptide or protein level	0.01429146	3.058371	17	5.558514	0.07943925	1.82613e-08	1.04660075625e-05	348	3.480813	17	4.883916	0.07943925	0.04885057	8.809304e-08	4.205285889e-05
MP:0001846	increased inflammatory response	0.03734642	7.992133	27	3.378322	0.1261682	4.24975e-08	2.29236514705882e-05	822	8.221921	27	3.283904	0.1261682	0.03284672	6.015556e-08	3.24486167764706e-05
MP:0008713	abnormal cytokine level	0.01346155	2.880771	16	5.554069	0.07476636	4.906084e-08	2.44253954e-05	338	3.38079	16	4.732622	0.07476636	0.04733728	3.26291e-07	0.000130090803043478
MP:0002444	abnormal T cell physiology	0.02354442	5.038506	21	4.167902	0.09813084	5.060878e-08	2.44253954e-05	524	5.241225	21	4.006697	0.09813084	0.04007634	7.667301e-08	3.90606389833333e-05
MP:0003945	abnormal lymphocyte physiology	0.03811199	8.155965	27	3.31046	0.1261682	6.38012e-08	2.84277423333333e-05	857	8.572003	27	3.149789	0.1261682	0.03150525	1.392682e-07	5.80495179090909e-05
MP:0020173	abnormal IgE level	0.004490591	0.9609865	10	10.40597	0.04672897	6.51017e-08	2.84277423333333e-05	121	1.210283	10	8.262532	0.04672897	0.08264463	3.911158e-07	0.00014346127544
MP:0009785	altered susceptibility to infection induced morbidity/mortality	0.005903311	1.263309	11	8.707295	0.05140187	8.424064e-08	3.51130304e-05	161	1.610376	11	6.830702	0.05140187	0.06832298	6.959379e-07	0.000220060363551724
MP:0020185	altered susceptibility to viral infection	0.005963006	1.276083	11	8.620127	0.05140187	9.3063e-08	3.71038134782609e-05	155	1.550362	11	7.095116	0.05140187	0.07096774	4.762288e-07	0.000161741410962963
MP:0002497	increased IgE level	0.002591779	0.5546408	8	14.42375	0.03738318	1.211587e-07	4.62927199583333e-05	69	0.6901613	8	11.59149	0.03738318	0.115942	4.353548e-07	0.000153546289076923
MP:0000217	abnormal leukocyte cell number	0.06711203	14.36197	35	2.436991	0.1635514	9.949139e-07	0.000350898479346154	1456	14.5634	35	2.403285	0.1635514	0.02403846	1.169712e-06	0.0003452473478125
MP:0011180	abnormal hematopoietic cell number	0.0787615	16.85496	38	2.254529	0.1775701	2.067052e-06	0.000702032105185185	1705	17.05398	38	2.228218	0.1775701	0.02228739	2.369518e-06	0.000620813716
MP:0000716	abnormal immune system cell morphology	0.07575929	16.21249	37	2.282191	0.1728972	2.178053e-06	0.0007133123575	1672	16.72391	37	2.212402	0.1728972	0.02212919	3.882677e-06	0.000942261660789474
MP:0000685	abnormal immune system morphology	0.09898627	21.18306	44	2.077131	0.2056075	2.430147e-06	0.000768429241034483	2117	21.17495	44	2.077927	0.2056075	0.02078413	2.098435e-06	0.000565960263235294
MP:0000322	increased granulocyte number	0.01028081	2.200093	12	5.454314	0.05607477	2.892436e-06	0.000884121270666667	250	2.500584	12	4.798879	0.05607477	0.048	8.728449e-06	0.00170408217148936
MP:0002451	abnormal macrophage physiology	0.01638847	3.507132	15	4.276999	0.07009346	3.241122e-06	0.000958744798064516	355	3.55083	15	4.224365	0.07009346	0.04225352	3.140996e-06	0.000800081481111111
MP:0003009	abnormal cytokine secretion	0.02340511	5.008693	18	3.593752	0.08411215	3.752762e-06	0.001075400860625	557	5.571302	18	3.230843	0.08411215	0.03231598	1.359649e-05	0.00232943175818182
MP:0002459	abnormal B cell physiology	0.02352389	5.034113	18	3.575605	0.08411215	4.020512e-06	0.00111721500121212	533	5.331246	18	3.376322	0.08411215	0.03377111	7.50201e-06	0.00163138970302326
MP:0009787	increased susceptibility to infection induced morbidity/mortality	0.004200803	0.8989719	8	8.899055	0.03738318	4.304635e-06	0.00116098538088235	116	1.160271	8	6.89494	0.03738318	0.06896552	2.213677e-05	0.00332864686229508
MP:0008246	abnormal leukocyte morphology	0.07528643	16.1113	36	2.234457	0.1682243	4.901816e-06	0.001284275792	1653	16.53386	36	2.17735	0.1682243	0.02177858	7.649919e-06	0.00163138970302326
MP:0008469	abnormal protein level	0.04251903	9.099073	25	2.747533	0.1168224	5.621724e-06	0.00143197803	966	9.662258	25	2.587387	0.1168224	0.02587992	1.362933e-05	0.00232943175818182
MP:0010210	abnormal circulating cytokine level	0.009313786	1.99315	11	5.518902	0.05140187	6.750849e-06	0.00162908645605263	259	2.590605	11	4.246112	0.05140187	0.04247104	6.339136e-05	0.00645887523555556
MP:0000218	increased leukocyte cell number	0.04091687	8.75621	24	2.740912	0.1121495	9.119503e-06	0.00209064606275	880	8.802057	24	2.726636	0.1121495	0.02727273	8.685676e-06	0.00170408217148936
MP:0001800	abnormal humoral immune response	0.02028504	4.340999	16	3.685787	0.07476636	9.690104e-06	0.00216727448	483	4.831129	16	3.311855	0.07476636	0.03312629	3.082803e-05	0.0040871721625
MP:0002490	abnormal immunoglobulin level	0.01809661	3.872674	15	3.873293	0.07009346	1.042521e-05	0.00227617085	445	4.45104	15	3.369999	0.07009346	0.03370787	4.497661e-05	0.00525234619759036
MP:0002419	abnormal innate immunity	0.02535253	5.425442	18	3.317702	0.08411215	1.099063e-05	0.00234381574651163	539	5.39126	18	3.338737	0.08411215	0.03339518	8.734118e-06	0.00170408217148936
MP:0001828	abnormal T cell activation	0.01388534	2.971462	13	4.374951	0.06074766	1.170859e-05	0.00244017659772727	288	2.880673	13	4.512834	0.06074766	0.04513889	7.141795e-06	0.00159732341829268
MP:0002461	increased immunoglobulin level	0.01031388	2.20717	11	4.983757	0.05140187	1.722856e-05	0.00351079767111111	252	2.520589	11	4.364059	0.05140187	0.04365079	4.953161e-05	0.00528145190348837
MP:0005094	abnormal T cell proliferation	0.0123485	2.64258	12	4.541018	0.05607477	1.776523e-05	0.00354145998043478	262	2.620612	12	4.579083	0.05607477	0.04580153	1.397151e-05	0.00232943175818182
MP:0008247	abnormal mononuclear cell morphology	0.06413493	13.72488	31	2.258673	0.1448598	1.9861e-05	0.00387500787234043	1404	14.04328	31	2.207461	0.1448598	0.02207977	2.751675e-05	0.00400521583333333
MP:0008250	abnormal myeloid leukocyte morphology	0.03503799	7.498129	21	2.800699	0.09813084	2.500623e-05	0.00470625172857143	791	7.911849	21	2.654247	0.09813084	0.02654867	4.822523e-05	0.00526458760833333
MP:0004215	abnormal myocardial fiber physiology	0.00702812	1.504018	9	5.983972	0.04205607	2.514791e-05	0.00470625172857143	102	1.020238	9	8.821468	0.04205607	0.08823529	8.676747e-07	0.0002652192333
MP:0011181	increased hematopoietic cell number	0.04695734	10.04887	25	2.487842	0.1168224	2.940828e-05	0.005393478552	1031	10.31241	25	2.424264	0.1168224	0.0242483	4.006393e-05	0.00489848317466667
MP:0008751	abnormal interleukin level	0.009018275	1.929911	10	5.181587	0.04672897	3.013728e-05	0.00541880112941177	232	2.320542	10	4.309338	0.04672897	0.04310345	0.0001209859	0.0113208235
MP:0020201	abnormal granulocyte number	0.01761811	3.770276	14	3.713256	0.06542056	3.252612e-05	0.00573585616153846	434	4.341014	14	3.225053	0.06542056	0.03225806	0.0001283662	0.01177118054
MP:0003711	pathological neovascularization	0.004127206	0.883222	7	7.925527	0.03271028	3.579136e-05	0.00616533062962963	82	0.8201916	7	8.534591	0.03271028	0.08536585	1.828434e-05	0.00294153329473684
MP:0001544	abnormal cardiovascular system physiology	0.08375041	17.92259	36	2.008638	0.1682243	4.771471e-05	0.0078132837625	1369	13.6932	36	2.629042	0.1682243	0.02629657	9.171834e-08	4.205285889e-05
MP:0008852	retinal neovascularization	0.001820976	0.3896888	5	12.83075	0.02336449	5.209118e-05	0.00812879087096774	34	0.3400795	5	14.70245	0.02336449	0.1470588	2.099106e-05	0.00326250881694915
MP:0002499	chronic inflammation	0.001830542	0.391736	5	12.7637	0.02336449	5.338558e-05	0.00812879087096774	59	0.5901379	5	8.472596	0.02336449	0.08474576	0.0003083834	0.022623006224
MP:0000702	enlarged lymph nodes	0.006008384	1.285794	8	6.221835	0.03738318	5.429578e-05	0.00812879087096774	129	1.290301	8	6.200101	0.03738318	0.0620155	4.754032e-05	0.00525234619759036
MP:0020184	altered susceptibility to parasitic infection	0.004417495	0.9453439	7	7.404713	0.03271028	5.46763e-05	0.00812879087096774	121	1.210283	7	5.783772	0.03271028	0.05785124	0.0002186688	0.0177450698761062
MP:0000717	abnormal lymphocyte cell number	0.04916428	10.52116	25	2.376165	0.1168224	6.140255e-05	0.00893748227777778	1044	10.44244	25	2.394077	0.1168224	0.02394636	4.907765e-05	0.00528145190348837
MP:0002441	abnormal granulocyte morphology	0.01904646	4.075942	14	3.434789	0.06542056	7.424331e-05	0.0104907635646154	460	4.601075	14	3.042767	0.06542056	0.03043478	0.000233755	0.0186394204347826
MP:0005463	abnormal CD4-positive, alpha-beta T cell physiology	0.006289178	1.345884	8	5.944048	0.03738318	7.436201e-05	0.0104907635646154	145	1.450339	8	5.515952	0.03738318	0.05517241	0.0001083767	0.0102455086494845
MP:0002972	abnormal cardiac muscle contractility	0.01226705	2.625148	11	4.19024	0.05140187	8.090889e-05	0.0112414321409091	192	1.920449	11	5.727828	0.05140187	0.05729167	3.904683e-06	0.000942261660789474
MP:0005385	cardiovascular system phenotype	0.1332184	28.50874	49	1.718771	0.228972	9.361841e-05	0.0128131465626866	2260	22.60528	49	2.167635	0.228972	0.02168142	1.309459e-07	5.71797096666667e-05
MP:0005027	increased susceptibility to parasitic infection	0.003374104	0.7220582	6	8.309579	0.02803738	0.0001008012	0.0135844512898551	93	0.9302173	6	6.450106	0.02803738	0.06451613	0.0003451423	0.0245345340387597
MP:0010639	altered tumor pathology	0.0066318	1.419205	8	5.636958	0.03738318	0.0001068307	0.0139948217	141	1.41033	8	5.672433	0.03738318	0.05673759	8.913716e-05	0.00869561443829787
MP:0002127	abnormal cardiovascular system morphology	0.1014792	21.71654	40	1.841914	0.1869159	0.000114121	0.0145345773611111	1709	17.09399	40	2.340003	0.1869159	0.0234055	3.499679e-07	0.000133716901791667
MP:0002498	abnormal acute inflammation	0.01066926	2.283222	10	4.379775	0.04672897	0.0001195081	0.0150121818767123	284	2.840664	10	3.520304	0.04672897	0.03521127	0.0006058092	0.0356107074615385
MP:0008195	abnormal professional antigen presenting cell morphology	0.03923771	8.396871	21	2.500932	0.09813084	0.0001228423	0.0152224850135135	789	7.891844	21	2.660975	0.09813084	0.02661597	4.650706e-05	0.00525234619759036
MP:0001625	cardiac hypertrophy	0.008706848	1.863265	9	4.83023	0.04205607	0.0001271939	0.0155235099493671	157	1.570367	9	5.731145	0.04205607	0.05732484	2.983503e-05	0.0040871721625
MP:0005164	abnormal response to injury	0.02270644	4.859179	15	3.086941	0.07009346	0.0001326983	0.0155235099493671	447	4.471045	15	3.354921	0.07009346	0.03355705	4.732127e-05	0.00525234619759036
MP:0000609	abnormal liver physiology	0.01298997	2.779853	11	3.957043	0.05140187	0.0001329226	0.0155235099493671	303	3.030708	11	3.629515	0.05140187	0.03630363	0.0002510293	0.0196746895811966
MP:0000249	abnormal blood vessel physiology	0.01768031	3.783585	13	3.435894	0.06074766	0.0001337358	0.0155235099493671	329	3.290769	13	3.950445	0.06074766	0.03951368	2.915442e-05	0.0040871721625
MP:0000701	abnormal lymph node size	0.008824993	1.888549	9	4.765565	0.04205607	0.0001405346	0.016108778525	179	1.790418	9	5.026758	0.04205607	0.05027933	8.278256e-05	0.00816253844301075
MP:0000274	enlarged heart	0.0255619	5.470247	16	2.924913	0.07476636	0.0001462195	0.0165390679146341	452	4.521056	16	3.538996	0.07476636	0.03539823	1.375859e-05	0.00232943175818182
MP:0003222	increased cardiomyocyte apoptosis	0.002279374	0.487786	5	10.2504	0.02336449	0.0001478957	0.0165390679146341	33	0.3300771	5	15.14798	0.02336449	0.1515152	1.805029e-05	0.00294153329473684
MP:0008752	abnormal tumor necrosis factor level	0.005291258	1.132329	7	6.181948	0.03271028	0.0001653857	0.01808235575	137	1.37032	7	5.108295	0.03271028	0.05109489	0.0004657274	0.0298651766293706
MP:0001194	dermatitis	0.002336191	0.4999449	5	10.0011	0.02336449	0.0001656399	0.01808235575	63	0.6301472	5	7.934654	0.02336449	0.07936508	0.0004191906	0.0280582321313869
MP:0002619	abnormal lymphocyte morphology	0.05253281	11.24202	25	2.223799	0.1168224	0.0001715269	0.0185047255647059	1135	11.35265	25	2.202129	0.1168224	0.02202643	0.0001826166	0.0156504132897196
MP:0020186	altered susceptibility to bacterial infection	0.01123091	2.403415	10	4.160747	0.04672897	0.000180061	0.0191995275581395	299	2.990699	10	3.3437	0.04672897	0.03344482	0.0008982618	0.0457614483666667
MP:0012556	increased cell death	0.03463781	7.412491	19	2.563241	0.08878505	0.0001916342	0.0201986852183908	596	5.961393	19	3.187175	0.08878505	0.03187919	9.4169e-06	0.00176230557142857
MP:0008251	abnormal phagocyte morphology	0.0291156	6.230738	17	2.728409	0.07943925	0.0002052098	0.0213837939318182	664	6.641552	17	2.559643	0.07943925	0.02560241	0.0003917176	0.0270078976842105
MP:0002339	abnormal lymph node morphology	0.01375074	2.942659	11	3.738116	0.05140187	0.0002160538	0.0222608241123595	273	2.730638	11	4.028363	0.05140187	0.04029304	0.0001013089	0.00967711055208333
MP:0005015	increased T cell number	0.01861425	3.983449	13	3.263503	0.06074766	0.0002195683	0.0223715701222222	384	3.840897	13	3.384626	0.06074766	0.03385417	0.0001393327	0.0126193404509804
MP:0020202	abnormal macrophage cell number	0.00949185	2.031256	9	4.430756	0.04205607	0.0002397137	0.0240542904301075	202	2.020472	9	4.454405	0.04205607	0.04455446	0.0002065606	0.0171823329369369
MP:0011203	abnormal parietal yolk sac morphology	0.005643912	1.207797	7	5.795675	0.03271028	0.0002439233	0.0240542904301075	132	1.320308	7	5.301791	0.03271028	0.0530303	0.0003721426	0.0258526336515152
MP:0003221	abnormal cardiomyocyte apoptosis	0.002542266	0.5440448	5	9.190419	0.02336449	0.000243953	0.0240542904301075	41	0.4100958	5	12.19227	0.02336449	0.1219512	5.340824e-05	0.00562935127356322
MP:0005406	abnormal heart size	0.032532	6.961848	18	2.585521	0.08411215	0.0002553983	0.0246526569578947	580	5.801355	18	3.102723	0.08411215	0.03103448	2.327191e-05	0.00344199055967742
MP:0008772	increased heart ventricle size	0.009613431	2.057274	9	4.374721	0.04205607	0.0002629159	0.0251139458645833	158	1.580369	9	5.694872	0.04205607	0.05696203	3.136647e-05	0.0040871721625
MP:0008588	abnormal circulating interleukin level	0.007601951	1.626817	8	4.917577	0.03738318	0.0002671902	0.0252591147835052	199	1.990465	8	4.019161	0.03738318	0.04020101	0.0009105618	0.0461317773812155
MP:0002625	heart left ventricle hypertrophy	0.00406602	0.8701283	6	6.895535	0.02803738	0.0002732612	0.0255694408571429	57	0.5701332	6	10.52386	0.02803738	0.1052632	2.214258e-05	0.00332864686229508
MP:0005466	abnormal T-helper 2 physiology	0.002619222	0.5605135	5	8.920392	0.02336449	0.0002794525	0.0258846406565657	57	0.5701332	5	8.76988	0.02336449	0.0877193	0.0002621229	0.0199882582396694
MP:0000240	extramedullary hematopoiesis	0.00412845	0.8834884	6	6.791261	0.02803738	0.0002961498	0.02715693666	110	1.100257	6	5.453271	0.02803738	0.05454545	0.0008428999	0.0449383260639535
MP:0002106	abnormal muscle physiology	0.04510628	9.652745	22	2.279144	0.1028037	0.0003074974	0.0279183282970297	732	7.321711	22	3.004762	0.1028037	0.03005464	4.644927e-06	0.00109215334846154
MP:0009786	decreased susceptibility to infection induced morbidity/mortality	0.00268682	0.5749795	5	8.695963	0.02336449	0.0003137514	0.0282068660588235	66	0.6601542	5	7.573988	0.02336449	0.07575758	0.0005202289	0.0320167718993289
MP:0002722	abnormal immune system organ morphology	0.05174901	11.07429	24	2.167182	0.1121495	0.0003379745	0.0300895744174757	1076	10.76251	24	2.229962	0.1121495	0.02230483	0.0002055657	0.0171823329369369
MP:0005013	increased lymphocyte cell number	0.02763386	5.913645	16	2.705607	0.07476636	0.0003456616	0.0304438934666667	585	5.851367	16	2.734404	0.07476636	0.02735043	0.0002824758	0.0210593746829268
MP:0001657	abnormal induced morbidity/mortality	0.02487922	5.324152	15	2.81735	0.07009346	0.0003485942	0.0304438934666667	513	5.131199	15	2.923293	0.07009346	0.02923977	0.000216041	0.017688356875
MP:0005095	decreased T cell proliferation	0.007959085	1.703244	8	4.696919	0.03738318	0.0003616626	0.0307078337222222	153	1.530358	8	5.227536	0.03738318	0.05228758	0.0001572238	0.0136013419433962
MP:0005599	increased cardiac muscle contractility	0.002817157	0.6028716	5	8.293639	0.02336449	0.0003887844	0.032359472625	37	0.3700865	5	13.51036	0.02336449	0.1351351	3.209121e-05	0.0040871721625
MP:0005369	muscle phenotype	0.07226412	15.46452	30	1.939924	0.1401869	0.000393999	0.032359472625	1139	11.39266	30	2.633274	0.1401869	0.02633889	1.204789e-06	0.0003452473478125
MP:0006042	increased apoptosis	0.03375788	7.224186	18	2.49163	0.08411215	0.0003952302	0.032359472625	589	5.891376	18	3.055313	0.08411215	0.03056027	2.848772e-05	0.00408175613125
MP:0004957	abnormal blastocyst morphology	0.008141165	1.742209	8	4.591871	0.03738318	0.0004193848	0.0338552780263158	192	1.920449	8	4.165693	0.03738318	0.04166667	0.0007216702	0.0409148531728395
MP:0009641	kidney degeneration	0.002867136	0.6135671	5	8.149068	0.02336449	0.0004208835	0.0338552780263158	38	0.3800888	5	13.15482	0.02336449	0.1315789	3.665456e-05	0.00454219344864865
MP:0002139	abnormal hepatobiliary system physiology	0.0149395	3.197053	11	3.440669	0.05140187	0.0004320667	0.0344526229478261	332	3.320776	11	3.312479	0.05140187	0.03313253	0.0005425675	0.0329492978476821
MP:0003141	cardiac fibrosis	0.006277458	1.343376	7	5.210753	0.03271028	0.0004587003	0.0359511260769231	114	1.140266	7	6.138916	0.03271028	0.06140351	0.0001511351	0.0134554258932039
MP:0006387	abnormal T cell number	0.03440461	7.362587	18	2.444793	0.08411215	0.0004928301	0.0382987459067797	733	7.331713	18	2.455088	0.08411215	0.02455662	0.0004342622	0.0284441741
MP:0000523	cortical renal glomerulopathies	0.00645179	1.380683	7	5.069954	0.03271028	0.0005386351	0.0411142027603306	135	1.350315	7	5.183974	0.03271028	0.05185185	0.0004262731	0.0283255386014493
MP:0008568	abnormal interleukin secretion	0.01788324	3.827014	12	3.135604	0.05607477	0.0005425102	0.0411142027603306	404	4.040944	12	2.969603	0.05607477	0.02970297	0.0008040048	0.0438961568333333
MP:0005620	abnormal muscle contractility	0.01811817	3.877289	12	3.094946	0.05607477	0.0006075402	0.045165030344	285	2.850666	12	4.209543	0.05607477	0.04210526	3.204767e-05	0.0040871721625
MP:0005031	abnormal trophoblast layer morphology	0.006611483	1.414857	7	4.947495	0.03271028	0.0006212355	0.0452121391666667	140	1.400327	7	4.998832	0.03271028	0.05	0.0005303181	0.03242011318
MP:0005294	abnormal heart ventricle morphology	0.03825177	8.185878	19	2.32107	0.08878505	0.0006424174	0.0456664151782946	576	5.761346	19	3.29784	0.08878505	0.03298611	5.809228e-06	0.001331765519
MP:0002083	premature death	0.05484857	11.73759	24	2.044712	0.1121495	0.0007641904	0.0494957354965035	899	8.992101	24	2.669009	0.1121495	0.02669633	1.236149e-05	0.00222264437843137
MP:0005264	glomerulosclerosis	0.003281385	0.7022164	5	7.120312	0.02336449	0.0007696608	0.0494957354965035	57	0.5701332	5	8.76988	0.02336449	0.0877193	0.0002621229	0.0199882582396694
MP:0003448	abnormal tumor morphology	0.004979327	1.065576	6	5.630757	0.02803738	0.0007850242	0.0499907771805556	99	0.9902314	6	6.05919	0.02803738	0.06060606	0.0004828438	0.0305357079034483
MP:0001614	abnormal blood vessel morphology	0.06231004	13.33435	26	1.949852	0.1214953	0.0009161729	0.0560087032866667	1022	10.22239	26	2.543437	0.1214953	0.02544031	1.219687e-05	0.00222264437843137
MP:0003921	abnormal heart left ventricle morphology	0.01642994	3.516007	11	3.128549	0.05140187	0.0009349052	0.0566553850394737	240	2.400561	11	4.582262	0.05140187	0.04583333	3.178038e-05	0.0040871721625
MP:0004983	abnormal osteoclast cell number	0.005157015	1.103601	6	5.436746	0.02803738	0.0009391078	0.0566553850394737	103	1.030241	6	5.823882	0.02803738	0.05825243	0.0005961237	0.035267447283871
MP:0001716	abnormal placenta labyrinth morphology	0.007211583	1.543279	7	4.535797	0.03271028	0.001025525	0.0595551453797468	152	1.520355	7	4.604187	0.03271028	0.04605263	0.0008633914	0.0449846541931818
MP:0005023	abnormal wound healing	0.007212341	1.543441	7	4.535321	0.03271028	0.001026141	0.0595551453797468	151	1.510353	7	4.634678	0.03271028	0.04635762	0.0008305505	0.0448880723941176
MP:0002446	abnormal macrophage morphology	0.01667979	3.569475	11	3.081686	0.05140187	0.001054208	0.060419296	352	3.520823	11	3.12427	0.05140187	0.03125	0.0008770571	0.0452893523820225
MP:0005048	abnormal thrombosis	0.003579489	0.7660107	5	6.527324	0.02336449	0.001129576	0.063547312392638	74	0.7401729	5	6.755178	0.02336449	0.06756757	0.0008791172	0.0452893523820225
MP:0010579	increased heart left ventricle size	0.005384795	1.152346	6	5.206769	0.02803738	0.001169508	0.0649902758433735	86	0.860201	6	6.975114	0.02803738	0.06976744	0.0002255683	0.0181443974649123
MP:0005016	decreased lymphocyte cell number	0.03740377	8.004408	18	2.248761	0.08411215	0.00126673	0.0687332195266272	776	7.761814	18	2.319046	0.08411215	0.02319588	0.0008405194	0.0449383260639535
MP:0005329	abnormal myocardium layer morphology	0.02290533	4.90174	13	2.652119	0.06074766	0.001470262	0.0783854798837209	345	3.450806	13	3.767236	0.06074766	0.03768116	4.753503e-05	0.00525234619759036
MP:0002086	abnormal extraembryonic tissue morphology	0.03484147	7.456075	17	2.28002	0.07943925	0.001490788	0.0790203812716763	603	6.031409	17	2.818578	0.07943925	0.02819237	0.0001273009	0.01177118054
MP:0002006	neoplasm	0.02904106	6.214786	15	2.413599	0.07009346	0.001635196	0.0851974279545454	584	5.841365	15	2.567893	0.07009346	0.02568493	0.0008321671	0.0448880723941176
MP:0010545	abnormal heart layer morphology	0.02320252	4.965338	13	2.61815	0.06074766	0.001645509	0.0852503815254237	351	3.51082	13	3.702838	0.06074766	0.03703704	5.66664e-05	0.00590489645454545
MP:0000521	abnormal kidney cortex morphology	0.01505598	3.221979	10	3.103683	0.04672897	0.001676002	0.0863423502247191	272	2.720636	10	3.675612	0.04672897	0.03676471	0.0004330792	0.0284441741
MP:0000278	abnormal myocardial fiber morphology	0.008138111	1.741556	7	4.019395	0.03271028	0.002027056	0.103267241777778	142	1.420332	7	4.928426	0.03271028	0.04929577	0.0005772015	0.0348219589144737
MP:0000313	abnormal cell death	0.05948529	12.72985	24	1.885332	0.1121495	0.002248307	0.11032495287234	1134	11.34265	24	2.115908	0.1121495	0.02116402	0.0004410953	0.0285138760633803
MP:0005565	increased blood urea nitrogen level	0.008312545	1.778885	7	3.93505	0.03271028	0.002279784	0.110611742222222	150	1.500351	7	4.665576	0.03271028	0.04666667	0.0007987042	0.0438961568333333
MP:0009644	uremia	0.01082563	2.316685	8	3.453211	0.03738318	0.002528768	0.11760418479798	197	1.97046	8	4.059965	0.03738318	0.04060914	0.0008529583	0.0449518828218391
MP:0002092	abnormal eye morphology	0.07444445	15.93111	28	1.757567	0.1308411	0.002672038	0.1225129423	1252	12.52293	27	2.156046	0.1261682	0.0215655	0.0001403678	0.0126193404509804
MP:0006207	embryonic lethality during organogenesis	0.04693028	10.04308	20	1.991421	0.09345794	0.002847467	0.128626957586207	743	7.431736	20	2.691161	0.09345794	0.0269179	6.08116e-05	0.00626564462921348
MP:0010630	abnormal cardiac muscle tissue morphology	0.01633869	3.496479	10	2.86002	0.04672897	0.003004505	0.132923426394231	248	2.48058	10	4.031316	0.04672897	0.04032258	0.0002079868	0.0171823329369369
MP:0001648	abnormal apoptosis	0.05415577	11.58934	22	1.898297	0.1028037	0.003154435	0.135842700985915	992	9.922318	22	2.217224	0.1028037	0.02217742	0.0004127924	0.0278331346176471
MP:0010578	abnormal heart left ventricle size	0.006616922	1.416021	6	4.237224	0.02803738	0.00324642	0.138463587906977	100	1.000234	6	5.998598	0.02803738	0.06	0.0005094414	0.0317794397142857
MP:0002827	abnormal renal corpuscle morphology	0.01388593	2.97159	9	3.028682	0.04205607	0.003312895	0.140644662731481	250	2.500584	9	3.599159	0.04205607	0.036	0.0009669032	0.0487170458461538
MP:0005140	decreased cardiac muscle contractility	0.008918348	1.908526	7	3.667751	0.03271028	0.00335049	0.140935749082569	149	1.490348	7	4.696889	0.03271028	0.04697987	0.000767831	0.0426727895151515
MP:0003795	abnormal bone structure	0.04156227	8.894325	18	2.023762	0.08411215	0.003887041	0.154974634652174	773	7.731806	18	2.328046	0.08411215	0.0232859	0.0008042044	0.0438961568333333
MP:0000259	abnormal vascular development	0.03197888	6.84348	15	2.191867	0.07009346	0.004021121	0.158256135493562	447	4.471045	15	3.354921	0.07009346	0.03355705	4.732127e-05	0.00525234619759036
MP:0001698	decreased embryo size	0.02986037	6.390118	14	2.190883	0.06542056	0.005403945	0.189862741954023	507	5.071185	14	2.760696	0.06542056	0.02761341	0.0006167707	0.0360241230509554
MP:0003091	abnormal cell migration	0.02714531	5.809097	13	2.237869	0.06074766	0.00611287	0.206845084501845	410	4.100958	13	3.169991	0.06074766	0.03170732	0.0002637491	0.0199882582396694
MP:0000260	abnormal angiogenesis	0.02307142	4.937284	11	2.227946	0.05140187	0.0116089	0.325546217125382	320	3.200748	11	3.436697	0.05140187	0.034375	0.000398929	0.0271419229925926
MP:0011098	embryonic lethality during organogenesis, complete penetrance	0.03621708	7.750456	15	1.93537	0.07009346	0.01186046	0.329577024848485	586	5.861369	15	2.559129	0.07009346	0.02559727	0.0008613112	0.0449846541931818
MP:0000266	abnormal heart morphology	0.07594065	16.2513	26	1.599872	0.1214953	0.01219604	0.335848909309309	1234	12.34288	26	2.106477	0.1214953	0.02106969	0.0002701226	0.0203034773934426
MP:0011108	embryonic lethality during organogenesis, incomplete penetrance	0.01719088	3.678848	9	2.446418	0.04205607	0.01247707	0.340520035416667	238	2.380556	9	3.780629	0.04205607	0.03781513	0.0006829272	0.0396357115443038
MP:0002108	abnormal muscle morphology	0.04797663	10.267	18	1.75319	0.08411215	0.01558045	0.394676040055249	765	7.651788	18	2.352391	0.08411215	0.02352941	0.0007138823	0.0409148531728395
MP:0005388	respiratory system phenotype	0.07125774	15.24916	24	1.573858	0.1121495	0.0188822	0.440357131725888	1140	11.40266	24	2.104771	0.1121495	0.02105263	0.0004755399	0.0302826450208333
MP:0002925	abnormal cardiovascular development	0.04740875	10.14547	17	1.675624	0.07943925	0.02706089	0.527975236808511	659	6.59154	17	2.579063	0.07943925	0.02579666	0.0003593623	0.025155361
MP:0002082	postnatal lethality	0.07111127	15.21781	23	1.511387	0.1074766	0.03196883	0.569231400194175	958	9.582239	23	2.400274	0.1074766	0.02400835	9.62822e-05	0.00929376604210526
