ID	name	Binom_Genome_Fraction	Binom_Expected	Binom_Observed_Region_Hits	Binom_Fold_Enrichment	Binom_Region_Set_Coverage	Binom_Raw_PValue	Binom_Adjp_BH	Hyper_Total_Genes	Hyper_Expected	Hyper_Observed_Gene_Hits	Hyper_Fold_Enrichment	Hyper_Gene_Set_Coverage	Hyper_Term_Gene_Coverage	Hyper_Raw_PValue	Hyper_Adjp_BH
MP:0010770	preweaning lethality	0.2047155	37.46294	101	2.695998	0.5519126	6.323425e-25	5.798580725e-21	3574	30.4028	100	3.28917	0.5494505	0.02797985	4.684614e-32	4.295791038e-28
MP:0010768	mortality/aging	0.2418239	44.25377	109	2.463067	0.5956284	2.58629e-24	1.185813965e-20	4337	36.89339	108	2.927354	0.5934066	0.02490201	6.373546e-31	2.17422961933333e-27
MP:0010769	abnormal survival	0.2283884	41.79508	105	2.512257	0.5737705	9.528238e-24	2.91246474866667e-20	4010	34.11171	104	3.048807	0.5714286	0.02593516	7.113074e-31	2.17422961933333e-27
MP:0005378	growth/size/body region phenotype	0.213765	39.119	98	2.505176	0.5355191	1.695689e-21	3.8873670325e-18	3564	30.31774	97	3.199447	0.532967	0.02721661	8.217088e-30	1.883767424e-26
MP:0002080	prenatal lethality	0.1049329	19.20272	67	3.48909	0.3661202	8.002822e-21	1.4677175548e-17	2000	17.01332	66	3.879313	0.3626374	0.033	2.981927e-23	5.468854118e-20
MP:0004196	abnormal prenatal growth/weight/body size	0.05609617	10.2656	47	4.578398	0.2568306	9.479126e-19	1.44872642366667e-15	991	8.4301	46	5.456637	0.2527473	0.04641776	1.207913e-21	1.84609370166667e-18
MP:0010866	abnormal prenatal body size	0.04170248	7.631553	38	4.979327	0.2076503	2.623126e-16	3.43629506e-13	748	6.362982	37	5.814884	0.2032967	0.04946524	2.700457e-18	3.53759867e-15
MP:0004200	decreased fetal size	0.01031597	1.887823	20	10.59421	0.1092896	9.282751e-15	1.064035333375e-11	179	1.522692	19	12.4779	0.1043956	0.1061453	1.069519e-15	9.80748923e-13
MP:0004198	abnormal fetal size	0.01059172	1.938285	20	10.3184	0.1092896	1.506956e-14	1.53542072444444e-11	186	1.582239	19	12.0083	0.1043956	0.1021505	2.189222e-15	1.82501506727273e-12
MP:0005380	embryo phenotype	0.0870319	15.92684	51	3.202142	0.2786885	4.644395e-14	4.258910215e-11	1543	13.12578	50	3.809298	0.2747253	0.03240441	6.19367e-17	6.31066154444445e-14
MP:0004197	abnormal fetal growth/weight/body size	0.0145728	2.666823	22	8.249518	0.1202186	5.899441e-14	4.91798854272727e-11	247	2.101145	21	9.99455	0.1153846	0.08502024	2.85726e-15	2.18342285e-12
MP:0008762	embryonic lethality	0.07861521	14.38658	46	3.197424	0.2513661	1.222213e-12	9.33974434166667e-10	1537	13.07474	46	3.518235	0.2527473	0.02992843	2.825688e-14	1.75373926933333e-11
MP:0014134	abnormal embryo morphology	0.06885696	12.60082	41	3.253755	0.2240437	1.613877e-11	1.13840400692308e-08	1171	9.961299	40	4.01554	0.2197802	0.03415884	2.868712e-14	1.75373926933333e-11
MP:0005385	cardiovascular system phenotype	0.1332184	24.37897	59	2.420119	0.3224044	3.777235e-11	2.474088925e-08	2260	19.22505	58	3.016897	0.3186813	0.02566372	3.993718e-15	2.81710723538462e-12
MP:0002086	abnormal extraembryonic tissue morphology	0.03484147	6.37599	28	4.391475	0.1530055	6.344797e-11	3.87878589933333e-08	603	5.129516	28	5.458604	0.1538462	0.04643449	2.605322e-13	1.32726681888889e-10
MP:0005376	homeostasis/metabolism phenotype	0.2176697	39.83355	79	1.983253	0.431694	8.117814e-11	4.65252214875e-08	4220	35.89811	78	2.172817	0.4285714	0.01848341	7.841529e-13	3.78456952263158e-10
MP:0001764	abnormal homeostasis	0.1923463	35.19936	73	2.073901	0.3989071	8.95026e-11	4.82787554117647e-08	3702	31.49166	72	2.28632	0.3956044	0.01944895	8.860842e-13	4.062696057e-10
MP:0002088	abnormal embryonic growth/weight/body size	0.04627734	8.468753	32	3.778597	0.1748634	1.045864e-10	5.32809604444444e-08	817	6.949942	31	4.460469	0.1703297	0.0379437	2.439842e-12	9.72754397391305e-10
MP:0002127	abnormal cardiovascular system morphology	0.1014792	18.57069	49	2.638567	0.2677596	1.734934e-10	8.37333935789474e-08	1709	14.53788	48	3.301719	0.2637363	0.0280866	7.275416e-14	4.169722795e-11
MP:0000266	abnormal heart morphology	0.07594065	13.89714	41	2.950247	0.2240437	3.136761e-10	1.4382049185e-07	1234	10.49722	40	3.810533	0.2197802	0.03241491	1.570993e-13	8.47412106470588e-11
MP:0010832	lethality during fetal growth through weaning	0.1292465	23.65211	56	2.367653	0.3060109	3.391396e-10	1.48090958666667e-07	1760	14.97172	55	3.673592	0.3021978	0.03125	5.275974e-18	6.0475851975e-15
MP:0005384	cellular phenotype	0.169013	30.92938	65	2.101561	0.3551913	1.038204e-09	4.32742303636364e-07	3160	26.88105	65	2.418061	0.3571429	0.02056962	1.716679e-12	7.49616496666667e-10
MP:0005621	abnormal cell physiology	0.1481154	27.10512	59	2.17671	0.3224044	2.433014e-09	9.70032103478261e-07	2684	22.83188	59	2.584106	0.3241758	0.02198212	1.87111e-12	7.79912668181818e-10
MP:0011101	prenatal lethality, incomplete penetrance	0.01824333	3.33853	18	5.391594	0.09836066	9.967872e-09	3.80855776e-06	312	2.654078	17	6.405237	0.09340659	0.05448718	1.551119e-09	4.444925384375e-07
MP:0009642	abnormal blood homeostasis	0.1389501	25.42787	55	2.162981	0.3005464	1.350698e-08	4.954360264e-06	2725	23.18065	54	2.329529	0.2967033	0.01981651	1.152143e-09	3.40811332580645e-07
MP:0009431	decreased fetal weight	0.002483023	0.4543933	8	17.60589	0.04371585	2.624463e-08	9.25627911923077e-06	59	0.501893	8	15.93965	0.04395604	0.1355932	3.599102e-08	6.4713265372549e-06
MP:0001697	abnormal embryo size	0.03469725	6.349597	24	3.779768	0.1311475	2.889547e-08	9.81375777407407e-06	614	5.22309	23	4.403524	0.1263736	0.03745928	2.755336e-09	6.82876516756757e-07
MP:0010865	prenatal growth retardation	0.02973476	5.441461	22	4.043032	0.1202186	3.603373e-08	1.1801046575e-05	541	4.602103	21	4.563131	0.1153846	0.03881701	7.667943e-09	1.59806902977273e-06
MP:0001698	decreased embryo size	0.02986037	5.464447	22	4.026025	0.1202186	3.87644e-08	1.22575706206897e-05	507	4.312877	21	4.86914	0.1153846	0.04142012	2.449634e-09	6.41804108e-07
MP:0001711	abnormal placenta morphology	0.01593738	2.91654	16	5.485953	0.08743169	5.410363e-08	1.65376762366667e-05	311	2.645571	16	6.047843	0.08791209	0.05144695	1.083663e-08	2.11429568297872e-06
MP:0001672	abnormal embryo development	0.04917772	8.999523	28	3.111276	0.1530055	1.076117e-07	3.18322351290323e-05	873	7.426315	27	3.63572	0.1483516	0.03092784	6.392668e-09	1.39573251333333e-06
MP:0013292	embryonic lethality prior to organogenesis	0.02713008	4.964804	20	4.028356	0.1092896	1.66472e-07	4.77046325e-05	680	5.784529	20	3.457498	0.1098901	0.02941176	1.500526e-06	0.000191108658611111
MP:0003984	embryonic growth retardation	0.02541573	4.651079	19	4.085074	0.1038251	2.801891e-07	7.76725161470588e-05	456	3.879037	18	4.640327	0.0989011	0.03947368	7.492519e-08	1.18459309017241e-05
MP:0002089	abnormal postnatal growth/weight/body size	0.1562264	28.58944	56	1.958765	0.3060109	2.879897e-07	7.76725161470588e-05	2576	21.91316	55	2.509908	0.3021978	0.02135093	4.483376e-11	1.52268733037037e-08
MP:0000913	abnormal brain development	0.04065292	7.439484	24	3.22603	0.1311475	5.098057e-07	0.000133514283	592	5.035943	24	4.765741	0.1318681	0.04054054	2.485736e-10	8.1407854e-08
MP:0013293	embryonic lethality prior to tooth bud stage	0.0319788	5.852121	21	3.588443	0.1147541	5.241564e-07	0.000133514283	752	6.397009	21	3.282784	0.1153846	0.02792553	1.838096e-06	0.000221058331818182
MP:0010038	abnormal placenta physiology	0.008705948	1.593189	11	6.904393	0.06010929	7.856656e-07	0.000184732142358974	148	1.258986	11	8.737192	0.06043956	0.07432432	5.80215e-08	9.501020625e-06
MP:0002128	abnormal blood circulation	0.03879387	7.099278	23	3.239766	0.1256831	8.375575e-07	0.000192010056875	595	5.061463	22	4.346569	0.1208791	0.03697479	7.934699e-09	1.61691532955556e-06
MP:0002152	abnormal brain morphology	0.09760638	17.86197	40	2.239395	0.2185792	9.716931e-07	0.000217327456756098	1359	11.56055	39	3.373541	0.2142857	0.02869757	1.428267e-11	5.03738784230769e-09
MP:0004264	abnormal extraembryonic tissue physiology	0.01747216	3.197405	15	4.691304	0.08196721	1.003992e-06	0.00021920492	277	2.356345	15	6.365791	0.08241758	0.05415162	1.608683e-08	3.01053532857143e-06
MP:0005369	muscle phenotype	0.07226412	13.22433	33	2.4954	0.1803279	1.058536e-06	0.00022573895627907	1139	9.689086	33	3.405894	0.1813187	0.02897278	5.489098e-10	1.73569064344828e-07
MP:0012097	abnormal spongiotrophoblast size	0.0009781254	0.178997	5	27.93344	0.0273224	1.253755e-06	0.000261293939772727	26	0.2211732	5	22.60672	0.02747253	0.1923077	2.398966e-06	0.000271586644691358
MP:0001544	abnormal cardiovascular system physiology	0.08375041	15.32633	36	2.3489	0.1967213	1.289809e-06	0.000262834411777778	1369	11.64562	35	3.005422	0.1923077	0.02556611	4.068724e-09	9.81847344210526e-07
MP:0005329	abnormal myocardium layer morphology	0.02290533	4.191675	17	4.055658	0.09289617	1.349175e-06	0.00026895510326087	345	2.934798	17	5.792563	0.09340659	0.04927536	7.01819e-09	1.49666982093023e-06
MP:0001015	small superior cervical ganglion	0.001028579	0.18823	5	26.56325	0.0273224	1.600255e-06	0.000299930301428571	31	0.2637065	5	18.96048	0.02747253	0.1612903	5.986626e-06	0.000538209415882353
MP:0010545	abnormal heart layer morphology	0.02320252	4.24606	17	4.003711	0.09289617	1.602681e-06	0.000299930301428571	351	2.985838	17	5.693544	0.09340659	0.04843305	9.064933e-09	1.80707468717391e-06
MP:0006208	lethality throughout fetal growth and development	0.0233769	4.277973	17	3.973845	0.09289617	1.770762e-06	0.000321678755471698	350	2.977331	16	5.37394	0.08791209	0.04571429	5.627115e-08	9.38193537272727e-06
MP:0008957	abnormal placenta junctional zone morphology	0.003034951	0.5553961	7	12.60362	0.03825137	1.806645e-06	0.000321678755471698	64	0.5444263	7	12.85757	0.03846154	0.109375	1.185162e-06	0.000155256222
MP:0006207	embryonic lethality during organogenesis	0.04693028	8.588242	25	2.910957	0.136612	1.836039e-06	0.000321678755471698	743	6.320449	25	3.955415	0.1373626	0.03364738	4.671113e-09	1.07085265525e-06
MP:0005370	liver/biliary system phenotype	0.05346923	9.784869	27	2.759362	0.147541	1.859212e-06	0.000321678755471698	1079	9.178687	26	2.832649	0.1428571	0.02409639	1.597034e-06	0.000200613723013699
MP:0001784	abnormal fluid regulation	0.03788054	6.932139	22	3.173624	0.1202186	2.062502e-06	0.000350243395185185	622	5.291143	21	3.968897	0.1153846	0.03376206	8.355462e-08	1.29863706e-05
MP:0000598	abnormal liver morphology	0.04421779	8.091856	24	2.965945	0.1311475	2.191611e-06	0.000365401324909091	877	7.460341	23	3.082969	0.1263736	0.02622577	1.665139e-06	0.00020634222472973
MP:0005294	abnormal heart ventricle morphology	0.03825177	7.000074	22	3.142824	0.1202186	2.411014e-06	0.0003948035425	576	4.899836	22	4.489946	0.1208791	0.03819444	4.405615e-09	1.0358843474359e-06
MP:0001712	abnormal placenta development	0.00789204	1.444243	10	6.924041	0.05464481	2.454368e-06	0.000394851834385965	129	1.097359	10	9.112786	0.05494505	0.07751938	1.589248e-07	2.24206217846154e-05
MP:0003632	abnormal nervous system morphology	0.1543681	28.24937	53	1.876148	0.2896175	2.593197e-06	0.000409993387758621	2230	18.96985	52	2.741192	0.2857143	0.02331839	7.087849e-12	2.5998230132e-09
MP:0013873	abnormal ductus venosus morphology	0.002145806	0.3926825	6	15.27952	0.03278689	3.387901e-06	0.000517784202833333	40	0.3402664	5	14.69437	0.02747253	0.125	2.179105e-05	0.00158590419444444
MP:0001614	abnormal blood vessel morphology	0.06231004	11.40274	29	2.543249	0.1584699	3.656728e-06	0.000549708127213115	1022	8.693807	28	3.220683	0.1538462	0.02739726	4.361665e-08	7.54650340566038e-06
MP:0005031	abnormal trophoblast layer morphology	0.006611483	1.209901	9	7.438622	0.04918033	4.463708e-06	0.000660196812258065	140	1.190932	9	7.557104	0.04945055	0.06428571	3.220507e-06	0.000335591468068182
MP:0006113	abnormal heart septum morphology	0.02246343	4.110807	16	3.89218	0.08743169	4.680087e-06	0.00067056871546875	323	2.747651	16	5.823155	0.08791209	0.0495356	1.845044e-08	3.383810696e-06
MP:0002085	abnormal embryonic tissue morphology	0.05309141	9.715729	26	2.676073	0.1420765	5.090075e-06	0.000718092119230769	843	7.171115	26	3.625657	0.1428571	0.03084223	1.331561e-08	2.54383632708333e-06
MP:0020135	abnormal heart ventricle wall thickness	0.006759616	1.23701	9	7.275609	0.04918033	5.324575e-06	0.000739793223484848	131	1.114373	9	8.076294	0.04945055	0.06870229	1.856215e-06	0.000221058331818182
MP:0002644	decreased circulating triglyceride level	0.008650249	1.582996	10	6.317137	0.05464481	5.454801e-06	0.000746575002537313	203	1.726852	10	5.790884	0.05494505	0.04926108	9.837128e-06	0.000805414855
MP:0009850	embryonic lethality between implantation and placentation	0.01769502	3.238189	14	4.323405	0.07650273	5.870898e-06	0.000791707862647059	399	3.394158	14	4.124735	0.07692308	0.03508772	8.640775e-06	0.000726934924311927
MP:0002925	abnormal cardiovascular development	0.04740875	8.675801	24	2.766315	0.1311475	7.069059e-06	0.000939467696086957	659	5.605889	24	4.281212	0.1318681	0.03641882	2.10328e-09	5.67266988235294e-07
MP:0002058	neonatal lethality	0.05455486	9.983538	26	2.604287	0.1420765	8.206135e-06	0.001075003685	711	6.048236	25	4.133437	0.1373626	0.03516174	1.923735e-09	5.3456515e-07
MP:0002138	abnormal hepatobiliary system morphology	0.04788765	8.763439	24	2.738651	0.1311475	8.344946e-06	0.00107779091295775	959	8.157887	23	2.819357	0.1263736	0.02398332	7.309425e-06	0.000632334219339623
MP:0003631	nervous system phenotype	0.1962091	35.90626	61	1.698868	0.3333333	8.764957e-06	0.00110686535246575	2836	24.12489	60	2.487058	0.3296703	0.02115656	5.729612e-12	2.18918925166667e-09
MP:0000267	abnormal heart development	0.02364375	4.326807	16	3.697877	0.08743169	8.811469e-06	0.00110686535246575	299	2.543491	16	6.290566	0.08791209	0.05351171	6.207223e-09	1.38829841243902e-06
MP:0003920	abnormal heart right ventricle morphology	0.01132225	2.071971	11	5.308955	0.06010929	9.374749e-06	0.00116170876121622	151	1.284506	11	8.563605	0.06043956	0.07284768	7.132682e-08	1.14748585859649e-05
MP:0011091	prenatal lethality, complete penetrance	0.01865829	3.414468	14	4.1002	0.07650273	1.059046e-05	0.00127782260789474	284	2.415892	14	5.794962	0.07692308	0.04929577	1.571692e-07	2.24206217846154e-05
MP:0002953	thick ventricular wall	0.001599672	0.29274	5	17.08	0.0273224	1.338241e-05	0.00159372337272727	41	0.3487731	5	14.33597	0.02747253	0.1219512	2.464743e-05	0.0017253201
MP:0000914	exencephaly	0.01186379	2.171074	11	5.066617	0.06010929	1.439563e-05	0.00169240932179487	193	1.641785	11	6.700023	0.06043956	0.05699482	8.465387e-07	0.000114158233514706
MP:0005388	respiratory system phenotype	0.07125774	13.04017	30	2.300584	0.1639344	1.703106e-05	0.001972022255	1140	9.697593	29	2.990433	0.1593407	0.0254386	1.189305e-07	1.817654475e-05
MP:0000281	abnormal interventricular septum morphology	0.01950073	3.568633	14	3.923071	0.07650273	1.720412e-05	0.001972022255	281	2.390372	14	5.85683	0.07692308	0.04982206	1.379972e-07	2.04102310322581e-05
MP:0004255	abnormal spongiotrophoblast layer morphology	0.002961959	0.5420385	6	11.06932	0.03278689	2.07214e-05	0.00226440419882353	59	0.501893	6	11.95474	0.03296703	0.1016949	1.081482e-05	0.000869928942105263
MP:0002081	perinatal lethality	0.07573756	13.85997	31	2.236656	0.1693989	2.081007e-05	0.00226440419882353	983	8.362047	30	3.587638	0.1648352	0.03051882	1.123375e-09	3.40811332580645e-07
MP:0005318	decreased triglyceride level	0.01236584	2.262948	11	4.860916	0.06010929	2.098957e-05	0.00226440419882353	257	2.186212	11	5.031535	0.06043956	0.04280156	1.329837e-05	0.00105125907672414
MP:0001785	edema	0.0254591	4.659016	16	3.434202	0.08743169	2.159746e-05	0.00228698429770115	406	3.453704	15	4.343163	0.08241758	0.03694581	2.177323e-06	0.000249575648875
MP:0010368	abnormal lymphatic system physiology	0.002986622	0.5465518	6	10.97792	0.03278689	2.169767e-05	0.00228698429770115	45	0.3827997	5	13.06166	0.02747253	0.1111111	3.909293e-05	0.00250686830839161
MP:0000274	enlarged heart	0.0255619	4.677828	16	3.420391	0.08743169	2.266438e-05	0.00236173141590909	452	3.845011	16	4.161237	0.08791209	0.03539823	1.719033e-06	0.0002101804348
MP:0002108	abnormal muscle morphology	0.04797663	8.779723	23	2.619673	0.1256831	2.616385e-05	0.00267115273444444	765	6.507595	23	3.534332	0.1263736	0.03006536	1.563471e-07	2.24206217846154e-05
MP:0001914	hemorrhage	0.02891728	5.291862	17	3.21248	0.09289617	2.741637e-05	0.00276272651538462	474	4.032157	16	3.968099	0.08791209	0.03375527	3.166026e-06	0.00033370641862069
MP:0001011	abnormal superior cervical ganglion morphology	0.00190474	0.3485674	5	14.34443	0.0273224	3.062145e-05	0.00301934082258065	41	0.3487731	5	14.33597	0.02747253	0.1219512	2.464743e-05	0.0017253201
MP:0006206	embryonic lethality between somite formation and embryo turning	0.003326536	0.6087561	6	9.856164	0.03278689	3.936064e-05	0.00373144789175258	90	0.7655994	6	7.836996	0.03296703	0.06666667	0.0001202063	0.00622763712429378
MP:0002082	postnatal lethality	0.07111127	13.01336	29	2.228479	0.1584699	4.264408e-05	0.00395096026464647	958	8.149381	29	3.558553	0.1593407	0.0302714	2.654813e-09	6.76239866944444e-07
MP:0001175	abnormal lung morphology	0.02997158	5.484798	17	3.099476	0.09289617	4.265486e-05	0.00395096026464647	471	4.006637	16	3.993374	0.08791209	0.03397028	2.919384e-06	0.000314950015058823
MP:0011110	preweaning lethality, incomplete penetrance	0.02415351	4.420093	15	3.393594	0.08196721	4.493405e-05	0.00403965920098039	425	3.615331	15	4.148998	0.08241758	0.03529412	3.803138e-06	0.000383239290769231
MP:0002118	abnormal lipid homeostasis	0.05042963	9.228623	23	2.492246	0.1256831	5.594499e-05	0.00493284190673077	1037	8.821407	23	2.607294	0.1263736	0.02217936	2.539493e-05	0.00173784707537313
MP:0005416	abnormal circulating protein level	0.03703195	6.776846	19	2.803664	0.1038251	5.709999e-05	0.00498673246	862	7.332741	19	2.591118	0.1043956	0.02204176	0.0001455112	0.00721263623783784
MP:0003628	abnormal leukocyte adhesion	0.002180111	0.3989604	5	12.53257	0.0273224	5.776024e-05	0.00499680566792453	51	0.4338397	5	11.52499	0.02747253	0.09803922	7.212781e-05	0.00405308017134146
MP:0003105	abnormal heart atrium morphology	0.01391905	2.547186	11	4.318491	0.06010929	6.045429e-05	0.00513301703055556	182	1.548212	10	6.459063	0.05494505	0.05494505	3.747549e-06	0.000381833603666667
MP:0002833	increased heart weight	0.007192849	1.316291	8	6.077682	0.04371585	6.281551e-05	0.00525257766727273	157	1.335546	8	5.990061	0.04395604	0.05095541	6.110979e-05	0.00363881022272727
MP:0008317	abnormal paravertebral ganglion morphology	0.002221034	0.4064492	5	12.30166	0.0273224	6.300802e-05	0.00525257766727273	45	0.3827997	5	13.06166	0.02747253	0.1111111	3.909293e-05	0.00250686830839161
MP:0011109	lethality throughout fetal growth and development, incomplete penetrance	0.01167404	2.13635	10	4.680882	0.05464481	6.813971e-05	0.00556909599734513	180	1.531199	9	5.877747	0.04945055	0.05	2.453506e-05	0.0017253201
MP:0009858	abnormal cellular extravasation	0.002262032	0.4139519	5	12.0787	0.0273224	6.862681e-05	0.00556909599734513	47	0.399813	5	12.50585	0.02747253	0.106383	4.841174e-05	0.00299956524189189
MP:0011655	abnormal systemic artery morphology	0.01430994	2.618718	11	4.200528	0.06010929	7.71119e-05	0.0061615056026087	254	2.160692	10	4.628147	0.05494505	0.03937008	6.67679e-05	0.00392475412179487
MP:0003795	abnormal bone structure	0.04156227	7.605895	20	2.629539	0.1092896	8.650607e-05	0.00683845398189655	773	6.575649	19	2.889449	0.1043956	0.02457956	3.458835e-05	0.002265536925
MP:0011108	embryonic lethality during organogenesis, incomplete penetrance	0.01719088	3.145931	12	3.814452	0.06557377	9.030103e-05	0.00701746139915254	238	2.024585	12	5.92714	0.06593407	0.05042017	9.797191e-07	0.000130203248507246
MP:0011203	abnormal parietal yolk sac morphology	0.005643912	1.032836	7	6.777456	0.03825137	9.325934e-05	0.00718645502352941	132	1.122879	7	6.233974	0.03846154	0.0530303	0.0001384319	0.00696991155191257
MP:0003956	abnormal body size	0.1400307	25.62562	45	1.756055	0.2459016	9.669432e-05	0.00734300481900826	2274	19.34415	45	2.326285	0.2472527	0.01978892	4.622305e-08	7.84935867592593e-06
MP:0004624	abnormal thoracic cage morphology	0.0258934	4.738492	15	3.165564	0.08196721	9.689243e-05	0.00734300481900826	432	3.674877	15	4.081769	0.08241758	0.03472222	4.6336e-06	0.000433572571428571
MP:0002132	abnormal respiratory system morphology	0.04554424	8.334597	21	2.519618	0.1147541	0.0001035069	0.0076545022016129	731	6.218369	20	3.216278	0.1098901	0.02735978	4.466974e-06	0.000428020543854167
MP:0013658	abnormal myeloid cell morphology	0.06756682	12.36473	27	2.183631	0.147541	0.0001130767	0.008295306712	1524	12.96415	27	2.082666	0.1483516	0.01771654	0.00022542	0.0096593523364486
MP:0005406	abnormal heart size	0.032532	5.953356	17	2.855532	0.09289617	0.0001146219	0.00834192716666667	580	4.933863	17	3.445576	0.09340659	0.02931034	1.001227e-05	0.000812500140707965
MP:0000285	abnormal heart valve morphology	0.0100836	1.845299	9	4.877257	0.04918033	0.0001161785	0.00838863657480315	139	1.182426	8	6.765752	0.04395604	0.05755396	2.564042e-05	0.00174164926962963
MP:0008469	abnormal protein level	0.04251903	7.780983	20	2.570369	0.1092896	0.0001172193	0.0083976639140625	966	8.217434	20	2.43385	0.1098901	0.02070393	0.0002220072	0.00955777476056338
MP:0001731	abnormal postnatal growth	0.04954316	9.066398	22	2.426543	0.1202186	0.0001202162	0.00854560119379845	754	6.414022	21	3.274077	0.1153846	0.02785146	1.916615e-06	0.000225325122435897
MP:0003156	abnormal leukocyte migration	0.005906816	1.080947	7	6.475802	0.03825137	0.000123226	0.00869217246153846	139	1.182426	7	5.920033	0.03846154	0.05035971	0.000190682	0.00886838072864322
MP:0005391	vision/eye phenotype	0.07972812	14.59025	30	2.056168	0.1639344	0.0001314957	0.009204699	1359	11.56055	29	2.508531	0.1593407	0.02133922	4.210541e-06	0.000415168397526882
MP:0011098	embryonic lethality during organogenesis, complete penetrance	0.03621708	6.627726	18	2.715864	0.09836066	0.0001336642	0.00928561146969697	586	4.984903	18	3.610903	0.0989011	0.03071672	2.835455e-06	0.000309537170833333
MP:0010426	abnormal heart and great artery attachment	0.01275979	2.335042	10	4.282578	0.05464481	0.0001399695	0.00965052868421053	181	1.539706	10	6.494748	0.05494505	0.05524862	3.567613e-06	0.000367584395617978
MP:0010425	abnormal heart and great vessel attachment	0.01278652	2.339932	10	4.273628	0.05464481	0.0001423339	0.00966816194814815	183	1.556719	10	6.423767	0.05494505	0.05464481	3.935312e-06	0.000392247946086957
MP:0004957	abnormal blastocyst morphology	0.008141165	1.489833	8	5.369729	0.04371585	0.0001461889	0.00979861354014599	192	1.633279	8	4.898123	0.04395604	0.04166667	0.0002458352	0.0101353963125
MP:0011085	postnatal lethality, complete penetrance	0.03019647	5.525953	16	2.895428	0.08743169	0.0001566181	0.0104071592536232	400	3.402664	16	4.702198	0.08791209	0.04	3.445236e-07	4.78679001818182e-05
MP:0001575	cyanosis	0.01557566	2.850346	11	3.859181	0.06010929	0.0001606504	0.0105732065	201	1.709839	11	6.433355	0.06043956	0.05472637	1.262665e-06	0.00016307940915493
MP:0003091	abnormal cell migration	0.02714531	4.967592	15	3.019572	0.08196721	0.000161423	0.0105732065	410	3.487731	15	4.300791	0.08241758	0.03658537	2.455269e-06	0.000274570935731707
MP:0002753	dilated heart left ventricle	0.004396109	0.804488	6	7.45816	0.03278689	0.0001785356	0.0115293764225352	78	0.6635195	6	9.042688	0.03296703	0.07692308	5.394419e-05	0.00331992095503356
MP:0001943	abnormal respiration	0.0338041	6.186151	17	2.748074	0.09289617	0.0001799093	0.0115368411258741	468	3.981117	16	4.018972	0.08791209	0.03418803	2.690151e-06	0.000297213068313253
MP:0003948	abnormal gas homeostasis	0.02761655	5.053828	15	2.968047	0.08196721	0.000193977	0.012352563125	458	3.89605	15	3.850053	0.08241758	0.03275109	9.321337e-06	0.000777060548090909
MP:0001732	postnatal growth retardation	0.04794576	8.774073	21	2.393415	0.1147541	0.0002082798	0.0131719018344828	732	6.226875	20	3.211884	0.1098901	0.0273224	4.558758e-06	0.000430967122268041
MP:0011097	embryonic lethality between somite formation and embryo turning, complete penetrance	0.002881406	0.5272973	5	9.482317	0.0273224	0.0002101301	0.0131978973767123	74	0.6294929	5	7.942902	0.02747253	0.06756757	0.0004224881	0.015496863508
MP:0002163	abnormal gland morphology	0.09438932	17.27325	33	1.910469	0.1803279	0.0002286479	0.0141260609933333	1701	14.46983	32	2.211498	0.1758242	0.01881246	1.689879e-05	0.00128968623057851
MP:0001547	abnormal lipid level	0.04830421	8.83967	21	2.375654	0.1147541	0.0002301154	0.0141260609933333	979	8.328021	21	2.521608	0.1153846	0.02145046	9.391921e-05	0.00509519091461988
MP:0003861	abnormal nervous system development	0.07062973	12.92524	27	2.088936	0.147541	0.0002310697	0.0141260609933333	956	8.132367	27	3.320066	0.1483516	0.02824268	4.220492e-08	7.44267531538462e-06
MP:0002060	abnormal skin morphology	0.03797426	6.949289	18	2.590193	0.09836066	0.000237466	0.0144209484768212	736	6.260902	18	2.874985	0.0989011	0.02445652	5.986418e-05	0.00358793810849673
MP:0010630	abnormal cardiac muscle tissue morphology	0.01633869	2.989979	11	3.678955	0.06010929	0.0002412517	0.0145544611118421	248	2.109652	11	5.214131	0.06043956	0.04435484	9.520861e-06	0.000786543201531531
MP:0003921	abnormal heart left ventricle morphology	0.01642994	3.006679	11	3.658522	0.06010929	0.0002528564	0.0150564492727273	240	2.041599	11	5.387935	0.06043956	0.04583333	6.985406e-06	0.000610058790666667
MP:0003949	abnormal circulating lipid level	0.03834043	7.016298	18	2.565455	0.09836066	0.0002663474	0.0157574558580645	787	6.694742	18	2.688677	0.0989011	0.02287166	0.0001390942	0.00696991155191257
MP:0010402	ventricular septal defect	0.01657196	3.032669	11	3.627168	0.06010929	0.000271855	0.0159801945512821	212	1.803412	11	6.099549	0.06043956	0.05188679	2.124043e-06	0.000246550307721519
MP:0005508	abnormal skeleton morphology	0.1079763	19.75966	36	1.821894	0.1967213	0.0002848387	0.0165314612594937	1832	15.5842	35	2.245864	0.1923077	0.0191048	4.480913e-06	0.000428020543854167
MP:0000547	short limbs	0.006806968	1.245675	7	5.619443	0.03825137	0.0002899972	0.016620464525	91	0.7741061	6	7.750875	0.03296703	0.06593407	0.0001277927	0.00654669865363128
MP:0001265	decreased body size	0.1251311	22.899	40	1.746801	0.2185792	0.0002929045	0.0166828215217391	1955	16.63052	40	2.405216	0.2197802	0.02046036	1.313469e-07	1.9745099557377e-05
MP:0011087	neonatal lethality, complete penetrance	0.03875019	7.091285	18	2.538327	0.09836066	0.0003022629	0.0170269741411043	478	4.066184	17	4.180824	0.09340659	0.03556485	7.534687e-07	0.000103123999686567
MP:0005028	abnormal trophectoderm morphology	0.0048927	0.8953641	6	6.701184	0.03278689	0.0003149714	0.017504774169697	115	0.9782659	6	6.133301	0.03296703	0.05217391	0.0004560553	0.0162094073682171
MP:0001008	abnormal sympathetic ganglion morphology	0.003213614	0.5880913	5	8.502082	0.0273224	0.0003453571	0.0188507417083333	49	0.4168264	5	11.9954	0.02747253	0.1020408	5.936068e-05	0.00358116733947368
MP:0004857	abnormal heart weight	0.01180631	2.160555	9	4.165596	0.04918033	0.0003678347	0.0197254046725146	229	1.948025	9	4.620063	0.04945055	0.03930131	0.0001569463	0.00760880267368421
MP:0008022	dilated heart ventricle	0.007138265	1.306302	7	5.358637	0.03825137	0.0003845852	0.0205037574651163	114	0.9697593	7	7.218286	0.03846154	0.06140351	5.49376e-05	0.00335851861333333
MP:0006126	abnormal cardiac outflow tract development	0.009456082	1.730463	8	4.62304	0.04371585	0.000395648	0.0208511043678161	116	0.9867726	8	8.107238	0.04395604	0.06896552	6.829911e-06	0.000602214267980769
MP:0002113	abnormal skeleton development	0.02638425	4.828318	14	2.899561	0.07650273	0.0003998684	0.02095310416	382	3.249544	13	4.000561	0.07142857	0.03403141	2.513086e-05	0.00173472406315789
MP:0001574	abnormal oxygen level	0.01739241	3.182811	11	3.456065	0.06010929	0.0004068466	0.0210459742696629	229	1.948025	11	5.646744	0.06043956	0.04803493	4.468417e-06	0.000428020543854167
MP:0001716	abnormal placenta labyrinth morphology	0.007211583	1.31972	7	5.304156	0.03825137	0.000408526	0.0210459742696629	152	1.293012	7	5.413715	0.03846154	0.04605263	0.0003294635	0.0126694791882845
MP:0003231	abnormal placenta vasculature	0.005156682	0.9436727	6	6.358136	0.03278689	0.0004149841	0.0212592413240223	111	0.9442393	6	6.354321	0.03296703	0.05405405	0.0003773957	0.0141832728237705
MP:0005389	reproductive system phenotype	0.0935096	17.11226	32	1.870005	0.1748634	0.0004198291	0.0213879602611111	1761	14.98023	32	2.136149	0.1758242	0.01817149	3.34696e-05	0.00220803044604317
MP:0005379	endocrine/exocrine gland phenotype	0.1018538	18.63924	34	1.824108	0.1857923	0.0004239752	0.0214798485303867	1867	15.88194	33	2.077832	0.1813187	0.01767542	4.283364e-05	0.00270885847448276
MP:0002133	abnormal respiratory system physiology	0.04707651	8.615002	20	2.321532	0.1092896	0.000436655	0.0220006942307692	717	6.099276	19	3.115124	0.1043956	0.0264993	1.230709e-05	0.000981356654782609
MP:0008772	increased heart ventricle size	0.009613431	1.759258	8	4.547372	0.04371585	0.0004407094	0.0220836349617486	158	1.344052	8	5.952149	0.04395604	0.05063291	6.390755e-05	0.00378085311935484
MP:0013558	abnormal exocrine gland morphology	0.03364187	6.156462	16	2.598895	0.08743169	0.0005117258	0.0248281777037037	560	4.76373	16	3.358713	0.08791209	0.02857143	2.516012e-05	0.00173472406315789
MP:0002092	abnormal eye morphology	0.07444445	13.62333	27	1.981894	0.147541	0.000523876	0.0252839101052632	1252	10.65034	26	2.441237	0.1428571	0.02076677	2.245868e-05	0.0016090498703125
MP:0005390	skeleton phenotype	0.1122393	20.53979	36	1.752695	0.1967213	0.0005897365	0.0280201228238342	1928	16.40084	35	2.134037	0.1923077	0.01815353	1.362687e-05	0.00106802049487179
MP:0011969	abnormal circulating triglyceride level	0.01535724	2.810375	10	3.558244	0.05464481	0.0005956401	0.0280876817846154	334	2.841225	10	3.519609	0.05494505	0.02994012	0.0006022635	0.0200827501636364
MP:0001953	respiratory failure	0.01263942	2.313013	9	3.891029	0.04918033	0.0005972844	0.0280876817846154	151	1.284506	8	6.228077	0.04395604	0.05298013	4.63766e-05	0.00291283165753425
MP:0009250	abnormal appendicular skeleton morphology	0.04117549	7.535115	18	2.388815	0.09836066	0.0006140811	0.0285843841979695	606	5.155036	17	3.297746	0.09340659	0.02805281	1.759611e-05	0.00131290617642276
MP:0009356	decreased liver triglyceride level	0.003714839	0.6798155	5	7.354937	0.0273224	0.0006623963	0.0305234877939698	64	0.5444263	5	9.18398	0.02747253	0.078125	0.0002141378	0.00937505866666667
MP:0002106	abnormal muscle physiology	0.04510628	8.25445	19	2.301789	0.1038251	0.000674758	0.0309376543	732	6.226875	19	3.05129	0.1043956	0.02595628	1.641038e-05	0.00126456457647059
MP:0001007	abnormal sympathetic system morphology	0.00374512	0.6853569	5	7.295469	0.0273224	0.0006867877	0.031332553278607	55	0.4678663	5	10.68681	0.02747253	0.09090909	0.000103922	0.00547680885057471
MP:0001718	abnormal visceral yolk sac morphology	0.01290718	2.362014	9	3.810308	0.04918033	0.0006920536	0.0314164926336634	178	1.514186	9	5.943789	0.04945055	0.0505618	2.246002e-05	0.0016090498703125
MP:0004881	abnormal lung size	0.01039123	1.901595	8	4.206994	0.04371585	0.0007288339	0.0327617983480392	131	1.114373	7	6.281562	0.03846154	0.05343511	0.0001320262	0.00672600141111111
MP:0000134	abnormal compact bone thickness	0.005782091	1.058123	6	5.67042	0.03278689	0.0007510928	0.0334345678446602	102	0.8676794	6	6.914997	0.03296703	0.05882353	0.0002390186	0.0100342870226244
MP:0010499	abnormal ventricle myocardium morphology	0.008053689	1.473825	7	4.749546	0.03825137	0.0007788431	0.0343364962836538	96	0.8166394	7	8.571715	0.03846154	0.07291667	1.809263e-05	0.00133797917016129
MP:0000163	abnormal cartilage morphology	0.02199028	4.024222	12	2.981943	0.06557377	0.0008158495	0.0356254281666667	283	2.407385	11	4.569273	0.06043956	0.03886926	3.23775e-05	0.00215146141304348
MP:0000627	abnormal mammary gland morphology	0.01065687	1.950207	8	4.102128	0.04371585	0.0008563361	0.0372161233981043	161	1.369572	8	5.84124	0.04395604	0.04968944	7.294764e-05	0.00405412035636364
MP:0000445	short snout	0.008230588	1.506198	7	4.647464	0.03825137	0.0008827805	0.0381844206839623	113	0.9612526	6	6.241855	0.03296703	0.05309735	0.0004152729	0.015355050375
MP:0000164	abnormal cartilage development	0.01073893	1.965224	8	4.070782	0.04371585	0.0008991522	0.0387099796901408	141	1.199439	7	5.836061	0.03846154	0.04964539	0.0002082234	0.00931418818536585
MP:0010428	abnormal heart right ventricle outflow tract morphology	0.004026294	0.7368118	5	6.785994	0.0273224	0.0009465995	0.0405622309112149	47	0.399813	5	12.50585	0.02747253	0.106383	4.841174e-05	0.00299956524189189
MP:0003959	abnormal lean body mass	0.01937054	3.54481	11	3.103129	0.06010929	0.0009767185	0.0415389070509259	372	3.164478	10	3.160079	0.05494505	0.02688172	0.001361818	0.0387822082608696
MP:0010420	muscular ventricular septal defect	0.004073685	0.7454843	5	6.707049	0.0273224	0.0009967095	0.0418488095022624	65	0.5529329	5	9.042688	0.02747253	0.07692308	0.0002303987	0.00973620312903226
MP:0010498	abnormal interventricular septum muscular part morphology	0.004076768	0.7460485	5	6.701977	0.0273224	0.001000036	0.0418488095022624	66	0.5614396	5	8.905678	0.02747253	0.07575758	0.0002475822	0.0101353963125
MP:0005201	abnormal retinal pigment epithelium morphology	0.008423906	1.541575	7	4.540811	0.03825137	0.00100857	0.0418488095022624	160	1.361066	7	5.143029	0.03846154	0.04375	0.0004489358	0.0161089031796875
MP:0002864	abnormal ocular fundus morphology	0.03613794	6.613243	16	2.419388	0.08743169	0.001084018	0.0441797558222222	601	5.112503	15	2.933984	0.08241758	0.0249584	0.0002021755	0.00917540713793103
MP:0002083	premature death	0.05484857	10.03729	21	2.092198	0.1147541	0.001176758	0.0473283809649123	899	7.647488	21	2.746	0.1153846	0.02335929	2.77358e-05	0.00187012710294118
MP:0001625	cardiac hypertrophy	0.008706848	1.593353	7	4.393251	0.03825137	0.001217653	0.0479222232188841	157	1.335546	7	5.241303	0.03846154	0.04458599	0.0004006463	0.0149956186571429
MP:0002725	abnormal vein morphology	0.01131238	2.070165	8	3.864427	0.04371585	0.001248619	0.0489309240598291	145	1.233466	7	5.675066	0.03846154	0.04827586	0.0002472146	0.0101353963125
MP:0001176	abnormal lung development	0.008794283	1.609354	7	4.349572	0.03825137	0.001288695	0.0494449085774059	122	1.037813	7	6.744956	0.03846154	0.05737705	8.448238e-05	0.00461132990833333
MP:0011088	neonatal lethality, incomplete penetrance	0.0201027	3.678794	11	2.99011	0.06010929	0.001310303	0.049736834691358	269	2.288292	11	4.80708	0.06043956	0.04089219	2.031836e-05	0.0014905548896
MP:0000733	abnormal muscle development	0.0043378	0.7938173	5	6.298678	0.0273224	0.001312892	0.049736834691358	74	0.6294929	5	7.942902	0.02747253	0.06756757	0.0004224881	0.015496863508
MP:0002191	abnormal artery morphology	0.02658847	4.865689	13	2.671769	0.07103825	0.001342348	0.0504480785245902	395	3.360131	12	3.571289	0.06593407	0.03037975	0.0001512313	0.00743151432978723
MP:0000443	abnormal snout morphology	0.01149133	2.102914	8	3.804246	0.04371585	0.00137742	0.0513452902439024	167	1.420612	7	4.927453	0.03846154	0.04191617	0.0005797854	0.0195464416102941
MP:0002084	abnormal developmental patterning	0.0268209	4.908224	13	2.648616	0.07103825	0.001449264	0.0535877051612903	401	3.411171	13	3.811008	0.07142857	0.03241895	4.147964e-05	0.00264144651944444
MP:0000187	abnormal triglyceride level	0.02046658	3.745384	11	2.936948	0.06010929	0.001508047	0.0550947848207171	428	3.640851	11	3.021272	0.06043956	0.02570093	0.00113672	0.0335167922829582
MP:0004087	abnormal muscle fiber morphology	0.01772076	3.242899	10	3.08366	0.05464481	0.001726549	0.0608940551153846	304	2.586025	10	3.866939	0.05494505	0.03289474	0.0002882977	0.011395215125
MP:0010577	abnormal heart right ventricle size	0.006898927	1.262504	6	4.752461	0.03278689	0.001834487	0.0639777650570342	101	0.8591727	6	6.983462	0.03296703	0.05940594	0.0002265386	0.00966213470697674
MP:0009672	abnormal birth weight	0.006899249	1.262563	6	4.752239	0.03278689	0.001834913	0.0639777650570342	99	0.8421594	6	7.124542	0.03296703	0.06060606	0.0002031197	0.00917540713793103
MP:0000150	abnormal rib morphology	0.01805199	3.303515	10	3.027079	0.05464481	0.001973737	0.0680419860526316	328	2.790185	10	3.583992	0.05494505	0.0304878	0.0005234717	0.0181827101856061
MP:0005371	limbs/digits/tail phenotype	0.05338254	9.769005	20	2.047291	0.1092896	0.001987168	0.0682484290636704	865	7.358261	19	2.582132	0.1043956	0.02196532	0.0001521408	0.00743151432978723
MP:0002109	abnormal limb morphology	0.04207677	7.700049	17	2.207778	0.09289617	0.002008841	0.0687353431716418	675	5.741996	16	2.786488	0.08791209	0.0237037	0.0002218807	0.00955777476056338
MP:0002169	no abnormal phenotype detected	0.1071801	19.61395	33	1.682476	0.1803279	0.002030597	0.0692214665055762	1783	15.16738	33	2.175722	0.1813187	0.01850813	1.701767e-05	0.00128968623057851
MP:0004258	abnormal placenta size	0.004806714	0.8796286	5	5.684217	0.0273224	0.00204847	0.0695721107407407	91	0.7741061	5	6.459063	0.02747253	0.05494505	0.001086008	0.03233342
MP:0002873	normal phenotype	0.1074131	19.6566	33	1.678826	0.1803279	0.002102773	0.0703738263138686	1786	15.1929	33	2.172068	0.1813187	0.01847704	1.761041e-05	0.00131290617642276
MP:0000282	abnormal interatrial septum morphology	0.007235548	1.324105	6	4.531362	0.03278689	0.002322167	0.0749337585084746	93	0.7911194	6	7.58419	0.03296703	0.06451613	0.000144103	0.00718165494565217
MP:0003723	abnormal long bone morphology	0.03180265	5.819885	14	2.405546	0.07650273	0.002327479	0.0749337585084746	476	4.04917	13	3.210534	0.07142857	0.02731092	0.0002290379	0.00972350714351852
MP:0002189	abnormal myocardial trabeculae morphology	0.009793612	1.792231	7	3.905747	0.03825137	0.002353508	0.0749337585084746	126	1.071839	7	6.53083	0.03846154	0.05555556	0.0001034999	0.00547680885057471
MP:0001325	abnormal retina morphology	0.0354286	6.483433	15	2.313589	0.08196721	0.00237139	0.0749337585084746	592	5.035943	14	2.780016	0.07692308	0.02364865	0.0005636302	0.0193576364569288
MP:0009701	abnormal birth body size	0.0125553	2.29762	8	3.481863	0.04371585	0.002377264	0.0749337585084746	188	1.599252	8	5.002338	0.04395604	0.04255319	0.0002130988	0.00937505866666667
MP:0010435	abnormal heart atrium and ventricle connection	0.00498057	0.9114442	5	5.485799	0.0273224	0.002385552	0.0749337585084746	60	0.5103996	5	9.796245	0.02747253	0.08333333	0.0001576524	0.00760880267368421
MP:0013560	abnormal endocrine gland morphology	0.04292504	7.855283	17	2.164149	0.09289617	0.002466381	0.0755518127906977	739	6.286422	16	2.545168	0.08791209	0.02165088	0.0005988057	0.020040322149635
MP:0008195	abnormal professional antigen presenting cell morphology	0.03923771	7.180502	16	2.228257	0.08743169	0.002478754	0.0755518127906977	789	6.711755	16	2.383877	0.08791209	0.02027883	0.00119285	0.0347251888888889
MP:0008271	abnormal bone ossification	0.02183161	3.995185	11	2.753314	0.06010929	0.002479945	0.0755518127906977	341	2.900771	10	3.447359	0.05494505	0.02932551	0.0007063482	0.0223765486241379
MP:0005451	abnormal body composition	0.1132945	20.73288	34	1.639907	0.1857923	0.002619134	0.0784884273856209	1918	16.31577	33	2.022582	0.1813187	0.01720542	7.248693e-05	0.00405308017134146
MP:0001303	abnormal lens morphology	0.01577198	2.886272	9	3.11821	0.04918033	0.002701999	0.0804458793181818	263	2.237252	8	3.575816	0.04395604	0.03041825	0.001908645	0.049866878005698
MP:0005195	abnormal posterior eye segment morphology	0.03961757	7.250016	16	2.206892	0.08743169	0.002723536	0.080824676763754	665	5.656929	15	2.651615	0.08241758	0.02255639	0.000585452	0.0196651825641026
MP:0010771	integument phenotype	0.08780252	16.06786	28	1.742609	0.1530055	0.002810367	0.0828651620257235	1537	13.07474	28	2.141534	0.1538462	0.01821731	0.00010659	0.005585316
MP:0003797	abnormal compact bone morphology	0.007560724	1.383612	6	4.336474	0.03278689	0.00288036	0.0841050275555556	143	1.216452	6	4.932375	0.03296703	0.04195804	0.001423915	0.0399305827217125
MP:0003232	abnormal forebrain development	0.01297876	2.375113	8	3.368261	0.04371585	0.002905688	0.0843201232911392	168	1.429119	8	5.597855	0.04395604	0.04761905	9.82346e-05	0.00523727489534884
MP:0000270	abnormal heart tube morphology	0.005230137	0.957115	5	5.224033	0.0273224	0.002937588	0.08464795478125	62	0.5274129	5	9.480238	0.02747253	0.08064516	0.0001842489	0.00863007882142857
MP:0000628	abnormal mammary gland development	0.0076314	1.396546	6	4.296313	0.03278689	0.003013912	0.0858309721739131	113	0.9612526	6	6.241855	0.03296703	0.05309735	0.0004152729	0.015355050375
MP:0010224	abnormal heart ventricle outflow tract morphology	0.005327596	0.97495	5	5.128468	0.0273224	0.003176354	0.0896220497846154	77	0.6550129	5	7.633438	0.02747253	0.06493506	0.0005076718	0.017768513
MP:0003115	abnormal respiratory system development	0.01040195	1.903558	7	3.677325	0.03825137	0.003273747	0.0915251828963415	137	1.165412	7	6.006457	0.03846154	0.05109489	0.0001743545	0.00828409722797928
MP:0010579	increased heart left ventricle size	0.005384795	0.9854174	5	5.073992	0.0273224	0.003322831	0.0920554690936556	86	0.7315728	5	6.83459	0.02747253	0.05813953	0.0008415052	0.0262469479047619
MP:0003492	abnormal involuntary movement	0.0600124	10.98227	21	1.912173	0.1147541	0.003434551	0.0930430727536232	813	6.915915	21	3.036475	0.1153846	0.02583026	6.167678e-06	0.000549102983106796
MP:0010418	perimembraneous ventricular septal defect	0.005430894	0.9938535	5	5.030922	0.0273224	0.003444373	0.0930430727536232	75	0.6379995	5	7.836996	0.02747253	0.06666667	0.0004495808	0.0161089031796875
MP:0008823	abnormal interventricular septum membranous part morphology	0.00543855	0.9952546	5	5.02384	0.0273224	0.003464864	0.0930430727536232	76	0.6465062	5	7.733878	0.02747253	0.06578947	0.0004779623	0.0168624802230769
MP:0002115	abnormal limb bone morphology	0.0262683	4.807098	12	2.496308	0.06557377	0.003525239	0.0931597741498559	389	3.309091	11	3.324176	0.06043956	0.02827763	0.0005212172	0.0181732384942966
MP:0011092	embryonic lethality, complete penetrance	0.0197139	3.607644	10	2.771892	0.05464481	0.003680676	0.0969879279310345	332	2.824211	10	3.540812	0.05494505	0.03012048	0.0005749775	0.0195464416102941
MP:0002066	abnormal motor capabilities/coordination/movement	0.1338009	24.48557	38	1.551935	0.2076503	0.003713739	0.0971310435327635	2005	17.05585	37	2.169343	0.2032967	0.01845387	5.031413e-06	0.0004613805721
MP:0010563	increased heart right ventricle size	0.005530104	1.012009	5	4.940667	0.0273224	0.003716737	0.0971310435327635	87	0.7400795	5	6.756031	0.02747253	0.05747126	0.0008867453	0.0275642522067797
MP:0004937	dilated heart	0.01075079	1.967394	7	3.558006	0.03825137	0.003912776	0.101356372655367	167	1.420612	7	4.927453	0.03846154	0.04191617	0.0005797854	0.0195464416102941
MP:0010678	abnormal skin adnexa morphology	0.04496109	8.22788	17	2.066146	0.09289617	0.003930415	0.101526494507042	806	6.856368	17	2.479447	0.09340659	0.02109181	0.000542514	0.0187024563157895
MP:0002200	abnormal brain ventricular system morphology	0.01683728	3.081222	9	2.920919	0.04918033	0.004130419	0.106393096151685	276	2.347838	9	3.833313	0.04945055	0.0326087	0.0006162802	0.020320173075
MP:0009931	abnormal skin appearance	0.02008421	3.67541	10	2.720785	0.05464481	0.004186601	0.106939084038997	386	3.283571	10	3.045465	0.05494505	0.02590674	0.001788358	0.0478706616326531
MP:0000934	abnormal telencephalon development	0.008229915	1.506074	6	3.983867	0.03278689	0.004338048	0.110193629252078	104	0.8846927	6	6.782016	0.03296703	0.05769231	0.0002655994	0.0107122544565217
MP:0002746	abnormal semilunar valve morphology	0.005768334	1.055605	5	4.73662	0.0273224	0.004433336	0.112303014143646	77	0.6550129	5	7.633438	0.02747253	0.06493506	0.0005076718	0.017768513
MP:0001324	abnormal eye pigmentation	0.01102144	2.016924	7	3.470632	0.03825137	0.004470611	0.112935269614325	191	1.624772	7	4.308296	0.03846154	0.03664921	0.001272813	0.0365883862382445
MP:0002161	abnormal fertility/fecundity	0.06557032	11.99937	22	1.83343	0.1202186	0.004524398	0.113980026538462	1242	10.56527	22	2.082294	0.1208791	0.01771337	0.0008996245	0.0278701238682432
MP:0011086	postnatal lethality, incomplete penetrance	0.04179934	7.649279	16	2.0917	0.08743169	0.004550874	0.114332916657534	579	4.925356	16	3.248496	0.08791209	0.02763385	3.756443e-05	0.00244302002198582
MP:0005179	decreased circulating cholesterol level	0.0141634	2.591902	8	3.086537	0.04371585	0.004878728	0.120348682284946	255	2.169198	8	3.687998	0.04395604	0.03137255	0.00157296	0.0429287
MP:0011504	abnormal limb long bone morphology	0.02391158	4.37582	11	2.513815	0.06010929	0.004882193	0.120348682284946	373	3.172984	10	3.151607	0.05494505	0.02680965	0.00138923	0.0393186391975309
MP:0009389	abnormal extracutaneous pigmentation	0.01126655	2.061779	7	3.395126	0.03825137	0.005025879	0.123188435066667	197	1.675812	7	4.177079	0.03846154	0.03553299	0.001520104	0.0417131255820896
MP:0002398	abnormal bone marrow cell morphology/development	0.02401486	4.394719	11	2.503004	0.06010929	0.005037695	0.123188435066667	457	3.887544	11	2.82955	0.06043956	0.02407002	0.001908754	0.049866878005698
MP:0000875	abnormal cerebellar Purkinje cell layer	0.01134287	2.075745	7	3.372282	0.03825137	0.005208933	0.126364856111111	167	1.420612	7	4.927453	0.03846154	0.04191617	0.0005797854	0.0195464416102941
MP:0000297	abnormal atrioventricular cushion morphology	0.006005448	1.098997	5	4.549603	0.0273224	0.005239318	0.126433015947368	63	0.5359196	5	9.329758	0.02747253	0.07936508	0.0001987656	0.00906806244776119
MP:0002751	abnormal autonomic nervous system morphology	0.006053794	1.107844	5	4.513269	0.0273224	0.005415565	0.129904918463542	78	0.6635195	5	7.535573	0.02747253	0.06410256	0.000538749	0.0186427484150943
MP:0002932	abnormal joint morphology	0.01776373	3.250763	9	2.768581	0.04918033	0.00580189	0.135722783928571	276	2.347838	9	3.833313	0.04945055	0.0326087	0.0006162802	0.020320173075
MP:0000272	abnormal aorta morphology	0.01161695	2.125902	7	3.29272	0.03825137	0.005907872	0.137500472690355	195	1.658799	7	4.219921	0.03846154	0.03589744	0.001433842	0.0400863754268293
MP:0005253	abnormal eye physiology	0.02470916	4.521776	11	2.432673	0.06010929	0.006187878	0.14185710315	412	3.504744	11	3.138603	0.06043956	0.02669903	0.0008357538	0.026156526778157
MP:0005140	decreased cardiac muscle contractility	0.008918348	1.632058	6	3.676341	0.03278689	0.006343719	0.14452267279703	149	1.267492	6	4.733756	0.03296703	0.04026846	0.001755266	0.0473405565294118
MP:0000259	abnormal vascular development	0.03197888	5.852135	13	2.221412	0.07103825	0.006352115	0.14452267279703	447	3.802477	13	3.418824	0.07142857	0.02908277	0.000123848	0.0063802593258427
MP:0010403	atrial septal defect	0.006317541	1.15611	5	4.324848	0.0273224	0.006451488	0.145714642758621	79	0.6720262	5	7.440186	0.02747253	0.06329114	0.0005712341	0.0195455846902985
MP:0002160	abnormal reproductive system morphology	0.05978132	10.93998	20	1.828157	0.1092896	0.006938675	0.151736645	1148	9.765646	20	2.047996	0.1098901	0.0174216	0.001884674	0.0495199443553009
MP:0000783	abnormal forebrain morphology	0.06391723	11.69685	21	1.795355	0.1147541	0.00694977	0.151736645	824	7.009488	21	2.995939	0.1153846	0.02548544	7.569333e-06	0.000648698912242991
MP:0009538	abnormal synapse morphology	0.0120271	2.200959	7	3.180432	0.03825137	0.007081878	0.153869738439716	151	1.284506	7	5.449567	0.03846154	0.04635762	0.0003165291	0.0122471385949367
MP:0001954	respiratory distress	0.0152288	2.786871	8	2.870603	0.04371585	0.007411977	0.158367755325581	179	1.522692	8	5.253852	0.04395604	0.04469274	0.0001523582	0.00743151432978723
MP:0000428	abnormal craniofacial morphology	0.0684907	12.5338	22	1.755254	0.1202186	0.007426187	0.158367755325581	957	8.140874	21	2.579576	0.1153846	0.02194357	6.819863e-05	0.00398332125541401
MP:0005382	craniofacial phenotype	0.0685473	12.54416	22	1.753805	0.1202186	0.007494806	0.15909113662037	961	8.174901	21	2.568839	0.1153846	0.02185224	7.234453e-05	0.00405308017134146
MP:0006107	abnormal fetal atrioventricular canal morphology	0.006559334	1.200358	5	4.165424	0.0273224	0.007516748	0.159188404526559	68	0.5784529	5	8.643746	0.02747253	0.07352941	0.0002848544	0.0113078564848485
MP:0000841	abnormal hindbrain morphology	0.02900421	5.307771	12	2.260836	0.06557377	0.007552494	0.159576889354839	385	3.275064	12	3.66405	0.06593407	0.03116883	0.0001191067	0.00620572976704546
MP:0010578	abnormal heart left ventricle size	0.006616922	1.210897	5	4.129171	0.0273224	0.007787474	0.16193827	100	0.850666	5	5.877747	0.02747253	0.05	0.001653626	0.0449962920474777
MP:0000432	abnormal head morphology	0.05247042	9.602087	18	1.874592	0.09836066	0.008073024	0.167109774446953	751	6.388502	17	2.661031	0.09340659	0.02263648	0.0002418296	0.0100342870226244
MP:0009703	decreased birth body size	0.01237487	2.264601	7	3.091053	0.03825137	0.008206079	0.168690893960177	185	1.573732	7	4.448025	0.03846154	0.03783784	0.001058202	0.0316081835179153
MP:0002114	abnormal axial skeleton morphology	0.07342779	13.43729	23	1.711655	0.1256831	0.008306249	0.168690893960177	1157	9.842206	22	2.235271	0.1208791	0.01901469	0.0003494839	0.0133531973458333
MP:0009674	decreased birth weight	0.006825859	1.249132	5	4.002779	0.0273224	0.00882664	0.174817038444924	97	0.8251461	5	6.059533	0.02747253	0.05154639	0.001444708	0.0402673931914894
MP:0001951	abnormal breathing pattern	0.01928767	3.529643	9	2.549833	0.04918033	0.00963524	0.184073230833333	245	2.084132	9	4.318345	0.04945055	0.03673469	0.0002594329	0.0105265473141593
MP:0000260	abnormal angiogenesis	0.02307142	4.22207	10	2.368506	0.05464481	0.01056267	0.194107582965932	320	2.722131	10	3.673592	0.05494505	0.03125	0.0004318928	0.0157160991111111
MP:0000462	abnormal digestive system morphology	0.05424741	9.927276	18	1.813186	0.09836066	0.01110283	0.198465791617934	820	6.975462	17	2.437115	0.09340659	0.02073171	0.0006575526	0.0213065630459364
MP:0001286	abnormal eye development	0.01639815	3.000862	8	2.665901	0.04371585	0.01121845	0.199753760194175	243	2.067118	8	3.870122	0.04395604	0.03292181	0.001158963	0.0340322137699681
MP:0002327	abnormal respiratory function	0.02332796	4.269016	10	2.34246	0.05464481	0.01134067	0.200859821621622	314	2.671091	10	3.743788	0.05494505	0.03184713	0.000372322	0.0140501758847737
MP:0001340	abnormal eyelid morphology	0.01338122	2.448763	7	2.858586	0.03825137	0.01219952	0.209738485714286	187	1.590746	7	4.400452	0.03846154	0.03743316	0.001126305	0.0333168285483871
MP:0000849	abnormal cerebellum morphology	0.02364587	4.327195	10	2.310966	0.05464481	0.01236433	0.209818583548983	307	2.611545	10	3.829151	0.05494505	0.03257329	0.0003116428	0.0121431471355932
MP:0001695	abnormal gastrulation	0.02023754	3.70347	9	2.430154	0.04918033	0.01284383	0.216503531433824	307	2.611545	9	3.446236	0.04945055	0.02931596	0.001301981	0.03730989303125
MP:0002151	abnormal neural tube morphology	0.02828551	5.176248	11	2.125092	0.06010929	0.01572638	0.241155358862876	453	3.853517	11	2.854535	0.06043956	0.02428256	0.001782069	0.0478706616326531
MP:0011099	lethality throughout fetal growth and development, complete penetrance	0.0141033	2.580905	7	2.712227	0.03825137	0.01582167	0.241927830666667	203	1.726852	7	4.053619	0.03846154	0.03448276	0.001803367	0.0479329721449275
MP:0004097	abnormal cerebellar cortex morphology	0.01769132	3.237512	8	2.471033	0.04371585	0.0169319	0.251238710355987	236	2.007572	8	3.984913	0.04395604	0.03389831	0.0009610205	0.0293751932833333
MP:0003229	abnormal vitelline vasculature morphology	0.01439967	2.635139	7	2.656406	0.03825137	0.01750924	0.257395844339623	188	1.599252	7	4.377046	0.03846154	0.03723404	0.001161623	0.0340322137699681
MP:0000788	abnormal cerebral cortex morphology	0.02139339	3.914991	9	2.298856	0.04918033	0.01775013	0.257395844339623	246	2.092638	9	4.300791	0.04945055	0.03658537	0.0002673446	0.0107122544565217
MP:0009956	abnormal cerebellar layer morphology	0.01467871	2.686204	7	2.605908	0.03825137	0.01921085	0.267754244680851	203	1.726852	7	4.053619	0.03846154	0.03448276	0.001803367	0.0479329721449275
MP:0006108	abnormal hindbrain development	0.01159939	2.122687	6	2.826605	0.03278689	0.02069194	0.279608268676471	142	1.207946	6	4.96711	0.03296703	0.04225352	0.001373697	0.0389993854179567
MP:0005076	abnormal cell differentiation	0.03755297	6.872193	13	1.891682	0.07103825	0.02148158	0.28596731509434	505	4.295864	13	3.026167	0.07142857	0.02574257	0.0004031219	0.0150269423699187
MP:0000847	abnormal metencephalon morphology	0.02643143	4.836951	10	2.067418	0.05464481	0.02455092	0.311451323895028	336	2.858238	10	3.498659	0.05494505	0.0297619	0.000630613	0.0205061035815603
MP:0001961	abnormal reflex	0.05103762	9.339885	16	1.713083	0.08743169	0.02594235	0.321389097169811	664	5.648423	16	2.832649	0.08791209	0.02409639	0.0001844597	0.00863007882142857
MP:0006009	abnormal neuronal migration	0.009320615	1.705672	5	2.931395	0.0273224	0.02929019	0.347465772703752	94	0.7996261	5	6.252923	0.02747253	0.05319149	0.001255914	0.0362161364150943
MP:0004508	abnormal pectoral girdle bone morphology	0.01643992	3.008505	7	2.326737	0.03825137	0.03268497	0.369569882737361	204	1.735359	7	4.033748	0.03846154	0.03431373	0.001854314	0.0491446802890173
MP:0002752	abnormal somatic nervous system morphology	0.05713251	10.45525	17	1.625978	0.09289617	0.03386889	0.376457844	797	6.779808	17	2.507446	0.09340659	0.02132999	0.0004781074	0.0168624802230769
MP:0003633	abnormal nervous system physiology	0.1143194	20.92044	29	1.386204	0.1584699	0.04377978	0.429883127058823	1591	13.5341	29	2.142736	0.1593407	0.01822753	7.824229e-05	0.0042962981994012
MP:0000787	abnormal telencephalon morphology	0.05181919	9.482912	15	1.581793	0.08196721	0.05434238	0.489864009715407	634	5.393223	15	2.781268	0.08241758	0.02365931	0.0003567106	0.0135727643236515
MP:0001392	abnormal locomotor behavior	0.08681038	15.8863	22	1.384841	0.1202186	0.07501836	0.586436044444444	1269	10.79495	22	2.03799	0.1208791	0.01733649	0.001187416	0.0346770850955414
MP:0002882	abnormal neuron morphology	0.0888297	16.25583	22	1.35336	0.1202186	0.09044444	0.652709209591195	1177	10.01234	22	2.197289	0.1208791	0.01869159	0.000441086	0.0159871882213439
MP:0002067	abnormal sensory capabilities/reflexes/nociception	0.06313251	11.55325	16	1.384892	0.08743169	0.1178554	0.751553559109875	821	6.983968	16	2.290961	0.08791209	0.01948843	0.001790582	0.0478706616326531
