ID	name	Binom_Genome_Fraction	Binom_Expected	Binom_Observed_Region_Hits	Binom_Fold_Enrichment	Binom_Region_Set_Coverage	Binom_Raw_PValue	Binom_Adjp_BH	Hyper_Total_Genes	Hyper_Expected	Hyper_Observed_Gene_Hits	Hyper_Fold_Enrichment	Hyper_Gene_Set_Coverage	Hyper_Term_Gene_Coverage	Hyper_Raw_PValue	Hyper_Adjp_BH
MP:0002080	prenatal lethality	0.1049329	96.01358	220	2.291343	0.2404372	1.037973e-31	9.51821241e-28	2000	85.16008	217	2.548142	0.2381998	0.1085	5.278084e-40	1.210000757e-36
MP:0010770	preweaning lethality	0.2047155	187.3147	336	1.793773	0.3672131	7.904826e-30	3.624362721e-26	3574	152.1811	333	2.188183	0.3655324	0.09317292	1.5078e-49	1.3826526e-45
MP:0010769	abnormal survival	0.2283884	208.9754	356	1.70355	0.389071	1.061155e-27	3.24359711666667e-24	4010	170.746	353	2.067399	0.3874863	0.08802993	2.75064e-47	1.26116844e-43
MP:0008762	embryonic lethality	0.07861521	71.93291	173	2.405019	0.189071	8.692562e-27	1.9927698385e-23	1537	65.44552	171	2.61286	0.1877058	0.1112557	2.673714e-32	4.903591476e-29
MP:0005380	embryo phenotype	0.0870319	79.63419	171	2.147319	0.1868852	2.692805e-21	4.11550364166667e-18	1543	65.701	169	2.572259	0.1855104	0.1095269	4.45546e-31	6.80942803333333e-28
MP:0013292	embryonic lethality prior to organogenesis	0.02713008	24.82402	81	3.262968	0.08852459	6.577694e-20	8.61677914e-17	680	28.95443	79	2.728425	0.08671789	0.1161765	4.405385e-16	2.524836278125e-13
MP:0004196	abnormal prenatal growth/weight/body size	0.05609617	51.328	125	2.435318	0.136612	1.137316e-19	1.303648465e-16	991	42.19682	124	2.93861	0.1361142	0.1251261	7.118125e-28	9.32474375e-25
MP:0013293	embryonic lethality prior to tooth bud stage	0.0319788	29.2606	88	3.007457	0.09617486	2.354304e-19	2.39877418666667e-16	752	32.02019	86	2.685805	0.09440176	0.1143617	5.247223e-17	3.20780232733333e-14
MP:0014134	abnormal embryo morphology	0.06885696	63.00412	138	2.190333	0.1508197	7.915527e-18	7.258538259e-15	1171	49.86123	136	2.72757	0.1492865	0.1161401	2.502918e-27	2.55019534e-24
MP:0002086	abnormal extraembryonic tissue morphology	0.03484147	31.87995	84	2.634885	0.09180328	2.861982e-15	2.38585226727273e-12	603	25.67577	84	3.271568	0.09220637	0.1393035	4.924028e-22	4.515333676e-19
MP:0009850	embryonic lethality between implantation and placentation	0.01769502	16.19094	56	3.458724	0.06120219	3.956154e-15	3.023161015e-12	399	16.98944	55	3.237306	0.06037322	0.1378446	1.354408e-14	5.6454188e-12
MP:0001672	abnormal embryo development	0.04917772	44.99762	104	2.311234	0.1136612	5.409413e-15	3.81571670846154e-12	873	37.17238	103	2.770875	0.1130626	0.117984	3.108096e-21	2.59102184727273e-18
MP:0010866	abnormal prenatal body size	0.04170248	38.15776	91	2.384836	0.09945355	5.632997e-14	3.689613035e-11	748	31.84987	90	2.825757	0.09879254	0.1203209	3.413467e-19	2.235820885e-16
MP:0002088	abnormal embryonic growth/weight/body size	0.04627734	42.34376	97	2.290774	0.1060109	8.204273e-14	5.01554556066667e-11	817	34.78789	96	2.759581	0.1053787	0.1175031	1.048127e-19	7.39332660769231e-17
MP:0004957	abnormal blastocyst morphology	0.008141165	7.449166	35	4.698513	0.03825137	1.57e-13	8.9980625e-11	192	8.175368	34	4.158834	0.03732162	0.1770833	1.417193e-12	4.33188660333333e-10
MP:0001711	abnormal placenta morphology	0.01593738	14.5827	48	3.291572	0.05245902	2.095747e-12	1.13047058764706e-09	311	13.24239	48	3.624722	0.05268935	0.1543408	8.763673e-15	3.82680387666667e-12
MP:0010865	prenatal growth retardation	0.02973476	27.20731	68	2.499329	0.07431694	1.426155e-11	6.88307439473684e-09	541	23.0358	67	2.908516	0.07354555	0.1238447	3.745575e-15	1.80773277631579e-12
MP:0006205	embryonic lethality between implantation and somite formation	0.01230108	11.25549	40	3.553821	0.04371585	1.572509e-11	7.209953765e-09	278	11.83725	39	3.294684	0.0428101	0.1402878	5.816102e-11	1.3333413835e-08
MP:0011096	embryonic lethality between implantation and somite formation, complete penetrance	0.01131347	10.35183	38	3.67085	0.04153005	2.032814e-11	8.87662113333333e-09	255	10.85791	37	3.407654	0.04061471	0.145098	6.737802e-11	1.50696693512195e-08
MP:0002085	abnormal embryonic tissue morphology	0.05309141	48.57864	99	2.037933	0.1081967	3.372588e-11	1.40575599818182e-08	843	35.89498	98	2.730187	0.1075741	0.1162515	8.960734e-20	6.84749423166667e-17
MP:0011100	preweaning lethality, complete penetrance	0.03595606	32.8998	74	2.249254	0.08087432	1.961565e-10	7.82067436956522e-08	783	33.34017	72	2.159557	0.07903403	0.09195402	6.630714e-10	1.38190107681818e-07
MP:0004197	abnormal fetal growth/weight/body size	0.0145728	13.33411	41	3.07482	0.04480874	6.160499e-10	2.35382399291667e-07	247	10.51727	40	3.803268	0.04390779	0.1619433	3.126329e-13	1.10263218961538e-10
MP:0003984	embryonic growth retardation	0.02541573	23.25539	57	2.451044	0.06229508	1.337469e-09	4.905836292e-07	456	19.4165	56	2.884145	0.06147091	0.122807	1.041108e-12	3.4096287e-10
MP:0004200	decreased fetal size	0.01031597	9.439115	33	3.49609	0.03606557	1.391912e-09	4.90916655384615e-07	179	7.621828	32	4.198468	0.03512623	0.1787709	4.963787e-12	1.28084700527778e-09
MP:0005028	abnormal trophectoderm morphology	0.0048927	4.476821	22	4.914202	0.02404372	2.233025e-09	7.58401453703704e-07	115	4.896705	22	4.492817	0.02414929	0.1913043	2.830459e-09	4.99140558269231e-07
MP:0004198	abnormal fetal size	0.01059172	9.691424	33	3.405072	0.03606557	2.625279e-09	8.597788725e-07	186	7.919888	32	4.040461	0.03512623	0.172043	1.433704e-11	3.55326099459459e-09
MP:0005033	abnormal trophoblast giant cell morphology	0.00331268	3.031102	18	5.938435	0.01967213	3.716488e-09	1.17517913655172e-06	81	3.448983	18	5.218929	0.01975851	0.2222222	6.501709e-09	1.06465484875e-06
MP:0012057	abnormal mural trophectoderm morphology	0.003333583	3.050228	18	5.901198	0.01967213	4.08918e-09	1.24992602e-06	82	3.491563	18	5.155284	0.01975851	0.2195122	8.002419e-09	1.28740670578947e-06
MP:0010038	abnormal placenta physiology	0.008705948	7.965943	29	3.640498	0.03169399	5.737624e-09	1.65348771636364e-06	148	6.301846	29	4.601826	0.03183315	0.1959459	4.685092e-12	1.26359687176471e-09
MP:0011203	abnormal parietal yolk sac morphology	0.005643912	5.16418	23	4.453757	0.02513661	5.950392e-09	1.65348771636364e-06	132	5.620566	23	4.092115	0.02524698	0.1742424	8.169425e-09	1.29161426293103e-06
MP:0001697	abnormal embryo size	0.03469725	31.74798	68	2.141868	0.07431694	7.451888e-09	2.00981802823529e-06	614	26.14415	67	2.562715	0.07354555	0.1091205	1.593245e-12	4.7129215e-10
MP:0001712	abnormal placenta development	0.00789204	7.221217	27	3.738982	0.0295082	1.112227e-08	2.91403474e-06	129	5.492825	27	4.915503	0.02963776	0.2093023	5.028407e-12	1.28084700527778e-09
MP:0006204	embryonic lethality before implantation	0.005587315	5.112393	22	4.303268	0.02404372	2.296063e-08	5.84858269722222e-06	159	6.770227	22	3.249522	0.02414929	0.1383648	1.114608e-06	0.000113566170666667
MP:0011094	embryonic lethality before implantation, complete penetrance	0.004850656	4.43835	20	4.506179	0.02185792	4.756439e-08	1.17882555756757e-05	133	5.663146	20	3.531606	0.0219539	0.1503759	8.98996e-07	9.47562450574713e-05
MP:0000350	abnormal cell proliferation	0.04317192	39.50231	76	1.923938	0.08306011	7.665557e-08	1.80238865871795e-05	731	31.12601	76	2.441688	0.08342481	0.1039672	5.631694e-13	1.91269014740741e-10
MP:0001718	abnormal visceral yolk sac morphology	0.01290718	11.81007	34	2.878899	0.03715847	8.255999e-08	1.89268777075e-05	178	7.579247	34	4.485933	0.03732162	0.1910112	1.469958e-13	5.391805944e-11
MP:0004264	abnormal extraembryonic tissue physiology	0.01747216	15.98703	41	2.564579	0.04480874	8.743178e-08	1.95548639658537e-05	277	11.79467	41	3.476146	0.04500549	0.1480144	3.255591e-12	9.04659680909091e-10
MP:0005031	abnormal trophoblast layer morphology	0.006611483	6.049507	23	3.801962	0.02513661	9.950611e-08	2.17255006833333e-05	140	5.961206	23	3.85828	0.02524698	0.1642857	2.588366e-08	3.82827680967742e-06
MP:0000266	abnormal heart morphology	0.07594065	69.4857	115	1.655017	0.1256831	1.043456e-07	2.22523058604651e-05	1234	52.54377	114	2.16962	0.1251372	0.0923825	2.859734e-15	1.45687559888889e-12
MP:0001698	decreased embryo size	0.02986037	27.32223	58	2.122813	0.06338798	1.302637e-07	2.71481392954545e-05	507	21.58808	57	2.640346	0.06256861	0.112426	2.397079e-11	5.78453011315790e-09
MP:0002718	abnormal inner cell mass morphology	0.003459896	3.165804	16	5.054008	0.01748634	2.309778e-07	4.70681428e-05	82	3.491563	15	4.29607	0.01646542	0.1829268	1.688234e-06	0.000166463503010753
MP:0006207	embryonic lethality during organogenesis	0.04693028	42.94121	79	1.839725	0.0863388	2.485291e-07	4.95437358043478e-05	743	31.63697	79	2.497078	0.08671789	0.1063257	5.787903e-14	2.21146127125e-11
MP:0002824	abnormal chorioallantoic fusion	0.004777914	4.371791	18	4.117305	0.01967213	7.879905e-07	0.000149598874714286	72	3.065763	18	5.871295	0.01975851	0.25	8.467831e-10	1.68294278510638e-07
MP:0009431	decreased fetal weight	0.002483023	2.271966	13	5.721916	0.01420765	7.993833e-07	0.000149598874714286	59	2.512222	13	5.174701	0.01427003	0.220339	9.113596e-07	9.49678128636364e-05
MP:0002084	abnormal developmental patterning	0.0268209	24.54112	51	2.078145	0.0557377	1.368294e-06	0.000250283822352941	401	17.0746	51	2.986893	0.05598244	0.127182	2.914068e-12	8.3506261125e-10
MP:0012099	decreased spongiotrophoblast size	0.0005762445	0.5272637	7	13.27609	0.007650273	1.391982e-06	0.000250283822352941	18	0.7664408	7	9.133126	0.007683864	0.3888889	5.225081e-06	0.000469745027156863
MP:0001730	embryonic growth arrest	0.01372928	12.5623	32	2.547305	0.03497268	2.561781e-06	0.000451760226346154	255	10.85791	32	2.94716	0.03512623	0.1254902	4.677282e-08	6.35278867e-06
MP:0000914	exencephaly	0.01186379	10.85537	29	2.671489	0.03169399	3.063812e-06	0.000530097283773585	193	8.217948	28	3.407177	0.03073546	0.1450777	1.399978e-08	2.13963304333333e-06
MP:0012097	abnormal spongiotrophoblast size	0.0009781254	0.8949848	8	8.9387	0.008743169	4.516611e-06	0.000766987460555556	26	1.107081	8	7.22621	0.008781559	0.3076923	8.255682e-06	0.000682023458918919
MP:0002151	abnormal neural tube morphology	0.02828551	25.88124	51	1.970539	0.0557377	5.86906e-06	0.000961058575	453	19.28876	50	2.592183	0.05488474	0.1103753	7.821369e-10	1.593821194e-07
MP:0001695	abnormal gastrulation	0.02023754	18.51735	40	2.160136	0.04371585	7.814496e-06	0.00125717418105263	307	13.07207	40	3.059958	0.04390779	0.1302932	3.22237e-10	6.87189137209302e-08
MP:0011092	embryonic lethality, complete penetrance	0.0197139	18.03822	39	2.162076	0.04262295	9.914104e-06	0.00156745402896552	332	14.13657	39	2.758801	0.0428101	0.1174699	1.051644e-08	1.63450431864407e-06
MP:0004624	abnormal thoracic cage morphology	0.0258934	23.69246	47	1.983753	0.05136612	1.147633e-05	0.00178369400169492	432	18.39458	47	2.555101	0.05159166	0.1087963	4.038501e-09	6.98736871132076e-07
MP:0003077	abnormal cell cycle	0.01034697	9.467482	25	2.640618	0.0273224	1.734171e-05	0.002650391345	235	10.00631	25	2.498424	0.02744237	0.106383	2.546999e-05	0.0018684784664
MP:0001716	abnormal placenta labyrinth morphology	0.007211583	6.598599	20	3.030947	0.02185792	1.803055e-05	0.0027104941557377	152	6.472166	20	3.090155	0.0219539	0.1315789	7.377887e-06	0.000638256828207547
MP:0003992	increased mortality induced by ionizing radiation	0.001570853	1.43733	9	6.261609	0.009836066	1.942146e-05	0.00287249658387097	43	1.830942	9	4.915503	0.009879254	0.2093023	6.758482e-05	0.0043954099248227
MP:0008803	abnormal placental labyrinth vasculature morphology	0.00288053	2.635685	12	4.552897	0.01311475	2.009417e-05	0.00292481807777778	75	3.193503	12	3.757629	0.01317234	0.16	7.277298e-05	0.00465260136736111
MP:0002652	thin myocardium	0.004429945	4.0534	15	3.700597	0.01639344	2.176569e-05	0.0031186152703125	77	3.278663	15	4.575035	0.01646542	0.1948052	7.287936e-07	7.87831272117647e-05
MP:0004616	lumbar vertebral transformation	0.0009519453	0.8710299	7	8.036463	0.007650273	3.477507e-05	0.00490595987538462	36	1.532882	7	4.566563	0.007683864	0.1944444	0.0007012768	0.0264638199835391
MP:0011091	prenatal lethality, complete penetrance	0.01865829	17.07234	36	2.108674	0.03934426	3.571241e-05	0.00496186060151515	284	12.09273	36	2.976995	0.03951701	0.1267606	5.212273e-09	8.69028062e-07
MP:0020149	abnormal mortality induced by ionizing radiation	0.001727086	1.580284	9	5.695179	0.009836066	4.02083e-05	0.00548184487941176	47	2.001262	9	4.497162	0.009879254	0.1914894	0.0001402051	0.00765286170833333
MP:0009657	failure of chorioallantoic fusion	0.004136715	3.785094	14	3.698719	0.01530055	4.065054e-05	0.00548184487941176	58	2.469642	14	5.668837	0.01536773	0.2413793	1.02931e-07	1.24194377631579e-05
MP:0001722	pale yolk sac	0.005866047	5.367433	17	3.16725	0.01857923	4.398318e-05	0.00584530087826087	84	3.576724	17	4.752953	0.01866081	0.202381	7.458144e-08	9.36865486027397e-06
MP:0012734	abnormal response to radiation	0.001761828	1.612073	9	5.582875	0.009836066	4.677744e-05	0.00612784464	49	2.086422	9	4.313605	0.009879254	0.1836735	0.0001958836	0.0100006165956284
MP:0008932	abnormal embryonic tissue physiology	0.01244305	11.38539	27	2.371461	0.0295082	5.044382e-05	0.00651506801971831	235	10.00631	27	2.698297	0.02963776	0.1148936	2.915318e-06	0.000275602742886598
MP:0012114	absent inner cell mass proliferation	0.001461241	1.337035	8	5.983387	0.008743169	7.626914e-05	0.00932517351733333	40	1.703202	8	4.697036	0.008781559	0.2	0.000239433	0.0114952911518325
MP:0006206	embryonic lethality between somite formation and embryo turning	0.003326536	3.043781	12	3.942466	0.01311475	7.840616e-05	0.00937791248181818	90	3.832204	12	3.131357	0.01317234	0.1333333	0.0004258051	0.0173539234088889
MP:0002591	decreased mean corpuscular volume	0.003390761	3.102547	12	3.86779	0.01311475	9.357425e-05	0.0106940268296296	88	3.747044	12	3.202525	0.01317234	0.1363636	0.0003450389	0.0147850780981308
MP:0011097	embryonic lethality between somite formation and embryo turning, complete penetrance	0.002881406	2.636486	11	4.172219	0.01202186	9.446196e-05	0.0106940268296296	74	3.150923	11	3.49104	0.01207464	0.1486486	0.0002818327	0.0129695895
MP:0001658	increased mortality induced by gamma-irradiation	0.00114347	1.046275	7	6.690399	0.007650273	0.0001079825	0.0119301147590361	32	1.362561	7	5.137383	0.007683864	0.21875	0.00032793	0.0141845193396226
MP:0011109	lethality throughout fetal growth and development, incomplete penetrance	0.01167404	10.68175	25	2.340441	0.0273224	0.0001151214	0.0121439768863636	180	7.664408	24	3.131357	0.02634468	0.1333333	7.302689e-07	7.87831272117647e-05
MP:0003231	abnormal placenta vasculature	0.005156682	4.718364	15	3.179068	0.01639344	0.000116203	0.0121439768863636	111	4.726385	15	3.173673	0.01646542	0.1351351	7.306157e-05	0.00465260136736111
MP:0000352	decreased cell proliferation	0.01981968	18.135	36	1.985111	0.03934426	0.0001165398	0.0121439768863636	379	16.13784	36	2.230782	0.03951701	0.09498681	6.466834e-06	0.000570200651730769
MP:0001785	edema	0.0254591	23.29508	43	1.845883	0.04699454	0.0001306185	0.0133085738333333	406	17.2875	42	2.429501	0.04610318	0.1034483	1.127079e-07	1.32504031153846e-05
MP:0011098	embryonic lethality during organogenesis, complete penetrance	0.03621708	33.13863	56	1.689871	0.06120219	0.0001348453	0.0135882571538462	586	24.9519	56	2.244318	0.06147091	0.09556314	1.486064e-08	2.23396834098361e-06
MP:0012282	abnormal sternebra number	0.0005235449	0.4790436	5	10.43746	0.005464481	0.0001401141	0.0139657206195652	13	0.5535405	5	9.032762	0.005488474	0.3846154	0.0001338569	0.00753047713496933
MP:0008957	abnormal placenta junctional zone morphology	0.003034951	2.77698	11	3.961137	0.01202186	0.0001475692	0.0145506404731183	64	2.725123	11	4.036516	0.01207464	0.171875	7.381945e-05	0.00466844383793103
MP:0005294	abnormal heart ventricle morphology	0.03825177	35.00037	58	1.657125	0.06338798	0.0001694327	0.0159793893571429	576	24.5261	58	2.364827	0.0636663	0.1006944	1.183937e-09	2.26181297708333e-07
MP:0006208	lethality throughout fetal growth and development	0.0233769	21.38987	40	1.870044	0.04371585	0.0001707721	0.0159793893571429	350	14.90301	39	2.61692	0.0428101	0.1114286	4.484285e-08	6.23043840151515e-06
MP:0004258	abnormal placenta size	0.004806714	4.398143	14	3.183162	0.01530055	0.0001910882	0.01752278794	91	3.874784	14	3.613105	0.01536773	0.1538462	2.940615e-05	0.00212326295669291
MP:0000150	abnormal rib morphology	0.01805199	16.51757	33	1.997872	0.03606557	0.0001968111	0.017868888980198	328	13.96625	33	2.362838	0.03622393	0.1006098	4.648088e-06	0.00043053501979798
MP:0005329	abnormal myocardium layer morphology	0.02290533	20.95838	39	1.860831	0.04262295	0.0002255607	0.0202783492058824	345	14.69011	39	2.654847	0.0428101	0.1130435	3.03406e-08	4.41624288888889e-06
MP:0004966	abnormal inner cell mass proliferation	0.002685956	2.45765	10	4.068927	0.01092896	0.0002360405	0.0205900498207547	65	2.767703	10	3.613105	0.01097695	0.1538462	0.0003979495	0.0165122032352941
MP:0011101	prenatal lethality, incomplete penetrance	0.01824333	16.69265	33	1.976918	0.03606557	0.0002368353	0.0205900498207547	312	13.28497	32	2.408737	0.03512623	0.1025641	4.315944e-06	0.000403849045714286
MP:0003720	abnormal neural tube closure	0.01756734	16.07412	32	1.990778	0.03497268	0.0002595018	0.0216330136909091	282	12.00757	32	2.664985	0.03512623	0.1134752	4.786124e-07	5.28780205783133e-05
MP:0010545	abnormal heart layer morphology	0.02320252	21.2303	39	1.836997	0.04262295	0.0002893745	0.0239059834684685	351	14.94559	39	2.609465	0.0428101	0.1111111	4.843488e-08	6.35278867e-06
MP:0010736	abnormal extraembryonic ectoderm morphology	0.000955858	0.87461	6	6.8602	0.006557377	0.0002920631	0.0239126663125	20	0.8516008	6	7.045554	0.006586169	0.3	0.0001359231	0.00755402925454546
MP:0000281	abnormal interventricular septum morphology	0.01950073	17.84317	34	1.905492	0.03715847	0.0003681994	0.0296174429649123	281	11.96499	34	2.841623	0.03732162	0.1209964	4.445739e-08	6.23043840151515e-06
MP:0011108	embryonic lethality during organogenesis, incomplete penetrance	0.01719088	15.72965	31	1.9708	0.03387978	0.0003795253	0.0302630174	238	10.13405	31	3.058994	0.03402854	0.1302521	3.183444e-08	4.56127835625e-06
MP:0001784	abnormal fluid regulation	0.03788054	34.66069	56	1.615663	0.06120219	0.0004007413	0.0316792906982759	622	26.48479	55	2.076664	0.06037322	0.08842444	2.650952e-07	3.00113948641975e-05
MP:0013503	abnormal embryonic tissue cell apoptosis	0.007142133	6.535051	17	2.601357	0.01857923	0.0004309977	0.0332121757058824	139	5.918626	17	2.872288	0.01866081	0.1223022	8.923552e-05	0.0053135696
MP:0001694	absent egg cylinders	0.001033051	0.9452415	6	6.347584	0.006557377	0.0004386902	0.0333145212580645	15	0.6387006	5	7.828394	0.005488474	0.3333333	0.0002908604	0.0130744601372549
MP:0006042	increased apoptosis	0.03375788	30.88846	51	1.651102	0.0557377	0.0004464381	0.0333145212580645	589	25.07964	51	2.033522	0.05598244	0.08658744	1.346433e-06	0.00013420424576087
MP:0001914	hemorrhage	0.02891728	26.45931	45	1.700725	0.04918033	0.0005241326	0.0378448499370079	474	20.18294	44	2.180059	0.04829857	0.092827	1.162789e-06	0.000117173353076923
MP:0006113	abnormal heart septum morphology	0.02246343	20.55404	37	1.800133	0.04043716	0.0005901841	0.0416306784384615	323	13.75335	37	2.690253	0.04061471	0.1145511	4.849457e-08	6.35278867e-06
MP:0000087	absent mandible	0.001099805	1.006321	6	5.962311	0.006557377	0.0006069257	0.042484799	17	0.7238607	6	8.288887	0.006586169	0.3529412	4.843548e-05	0.00329002482666667
MP:0000602	enlarged liver sinusoidal spaces	0.001532908	1.402611	7	4.990694	0.007650273	0.0006199472	0.0430675441212121	37	1.575462	7	4.443142	0.007683864	0.1891892	0.000833505	0.0305729634
MP:0001713	decreased trophoblast giant cell number	0.001591507	1.456229	7	4.806938	0.007650273	0.000770194	0.0522903319635036	39	1.660622	7	4.215289	0.007683864	0.1794872	0.001156528	0.0389903005882353
MP:0001293	anophthalmia	0.004918499	4.500427	13	2.888615	0.01420765	0.0007766221	0.0522903319635036	95	4.045104	13	3.213762	0.01427003	0.1368421	0.0001912153	0.00990646497740113
MP:0012556	increased cell death	0.03463781	31.69359	51	1.609158	0.0557377	0.0007809693	0.0522903319635036	596	25.37771	51	2.009638	0.05598244	0.08557047	1.899639e-06	0.0001814551003125
MP:0000267	abnormal heart development	0.02364375	21.63403	38	1.756492	0.04153005	0.0007812187	0.0522903319635036	299	12.73143	38	2.984739	0.0417124	0.1270903	1.820545e-09	3.33887953e-07
MP:0003036	vertebral transformation	0.003744724	3.426423	11	3.210345	0.01202186	0.0008372486	0.0548397833	89	3.789624	11	2.902663	0.01207464	0.1235955	0.001382059	0.0444683544912281
MP:0010912	herniated liver	0.001179869	1.07958	6	5.557716	0.006557377	0.0008703073	0.0566008364609929	14	0.5961206	5	8.387565	0.005488474	0.3571429	0.000200933	0.0100138891847826
MP:0012167	abnormal epigenetic regulation of gene expression	0.003787128	3.465222	11	3.1744	0.01202186	0.0009156916	0.0587195242797203	62	2.639963	11	4.166726	0.01207464	0.1774194	5.452554e-05	0.00362318262173913
MP:0003085	abnormal egg cylinder morphology	0.002670111	2.443151	9	3.683767	0.009836066	0.000954186	0.0602795477123288	39	1.660622	8	4.817473	0.008781559	0.2051282	0.0001988964	0.0100006165956284
MP:0013873	abnormal ductus venosus morphology	0.002145806	1.963413	8	4.074538	0.008743169	0.0009597398	0.0602795477123288	40	1.703202	7	4.109907	0.007683864	0.175	0.001351064	0.043624143943662
MP:0014138	abnormal germ layer morphology	0.009961786	9.115034	20	2.194177	0.02185792	0.001148849	0.0679673892258064	141	6.003786	19	3.16467	0.0208562	0.1347518	8.750654e-06	0.00071645979625
MP:0001696	failure to gastrulate	0.002752173	2.518239	9	3.573927	0.009836066	0.001173802	0.0685590085350319	48	2.043842	9	4.403471	0.009879254	0.1875	0.0001661105	0.0087041902
MP:0009931	abnormal skin appearance	0.02008421	18.37705	33	1.795718	0.03606557	0.001182617	0.0686366955063291	386	16.4359	33	2.0078	0.03622393	0.08549223	0.0001234322	0.00698687206172839
MP:0010092	increased circulating magnesium level	0.0008624859	0.7891746	5	6.335733	0.005464481	0.001319929	0.0761242071069182	19	0.8090208	5	6.180311	0.005488474	0.2631579	0.0009771802	0.0339422061893939
MP:0003411	abnormal vein development	0.004640729	4.246267	12	2.826012	0.01311475	0.001458186	0.0825405285185185	58	2.469642	12	4.859003	0.01317234	0.2068966	4.826832e-06	0.0004426204944
MP:0005032	abnormal ectoplacental cone morphology	0.001796202	1.643525	7	4.259139	0.007650273	0.001532483	0.0856882262804878	34	1.447721	7	4.835184	0.007683864	0.2058824	0.0004866684	0.0194032575130435
MP:0013504	increased embryonic tissue cell apoptosis	0.006062657	5.547331	14	2.523736	0.01530055	0.001754348	0.0957878004166667	114	4.854125	14	2.884145	0.01536773	0.122807	0.0003486352	0.0148654020925926
MP:0000929	open neural tube	0.01260384	11.53251	23	1.994362	0.02513661	0.001754891	0.0957878004166667	176	7.494087	23	3.069086	0.02524698	0.1306818	1.760139e-06	0.000171707176914894
MP:0010402	ventricular septal defect	0.01657196	15.16334	28	1.846558	0.03060109	0.001820382	0.0965684794827586	212	9.026969	28	3.101816	0.03073546	0.1320755	1.089008e-07	1.29690952727273e-05
MP:0002231	abnormal primitive streak morphology	0.006770716	6.195205	15	2.421227	0.01639344	0.001820841	0.0965684794827586	119	5.067025	15	2.960317	0.01646542	0.1260504	0.0001622669	0.00865108995930233
MP:0002884	abnormal pharyngeal arch morphology	0.01037391	9.492128	20	2.107009	0.02185792	0.001832379	0.0965684794827586	126	5.365085	20	3.727807	0.0219539	0.1587302	3.697686e-07	4.13509519756098e-05
MP:0003121	genetic imprinting	0.002386513	2.183659	8	3.663576	0.008743169	0.001859246	0.0974244904	35	1.490301	8	5.368041	0.008781559	0.2285714	8.847442e-05	0.00530713989738562
MP:0000351	increased cell proliferation	0.007488748	6.852205	16	2.335015	0.01748634	0.001872822	0.0975782826136364	155	6.599907	16	2.424277	0.01756312	0.1032258	0.0009656239	0.0337968365
MP:0004255	abnormal spongiotrophoblast layer morphology	0.002961959	2.710192	9	3.320797	0.009836066	0.001924644	0.0997117823728813	59	2.512222	9	3.582485	0.009879254	0.1525424	0.0008195579	0.0301821122208835
MP:0001726	abnormal allantois morphology	0.004806703	4.398133	12	2.72843	0.01311475	0.001942895	0.0997898867039106	80	3.406403	12	3.522777	0.01317234	0.15	0.0001381325	0.00763057243975904
MP:0000913	abnormal brain development	0.04065292	37.19742	56	1.505481	0.06120219	0.001947916	0.0997898867039106	592	25.20738	55	2.1819	0.06037322	0.09290541	5.218477e-08	6.7399202943662e-06
MP:0011655	abnormal systemic artery morphology	0.01430994	13.09359	25	1.909331	0.0273224	0.002023356	0.102509251491713	254	10.81533	24	2.219072	0.02634468	0.09448819	0.0002336983	0.0113276237789474
MP:0004848	abnormal liver size	0.01834376	16.78454	30	1.787359	0.03278689	0.002065314	0.103491417377049	352	14.98817	30	2.001578	0.03293085	0.08522727	0.0002598211	0.0121597568571429
MP:0004180	failure of initiation of embryo turning	0.00301195	2.755934	9	3.26568	0.009836066	0.002150542	0.107176468152174	48	2.043842	9	4.403471	0.009879254	0.1875	0.0001661105	0.0087041902
MP:0010595	abnormal aortic valve cusp morphology	0.001915192	1.7524	7	3.994521	0.007650273	0.002189622	0.108534236432432	29	1.234821	7	5.668837	0.007683864	0.2413793	0.0001699876	0.00885674029545455
MP:0002925	abnormal cardiovascular development	0.04740875	43.37901	63	1.452315	0.06885246	0.00240114	0.116313624293194	659	28.06025	63	2.245169	0.06915477	0.09559939	1.794064e-09	3.33887953e-07
MP:0010602	abnormal pulmonary valve cusp morphology	0.001449712	1.326486	6	4.523229	0.006557377	0.002438361	0.11645713734375	20	0.8516008	6	7.045554	0.006586169	0.3	0.0001359231	0.00755402925454546
MP:0004201	fetal growth retardation	0.004966236	4.544106	12	2.640784	0.01311475	0.002526126	0.118383530357143	90	3.832204	12	3.131357	0.01317234	0.1333333	0.0004258051	0.0173539234088889
MP:0004259	small placenta	0.003099196	2.835765	9	3.173747	0.009836066	0.002594951	0.120783303383838	62	2.639963	9	3.409139	0.009879254	0.1451613	0.001181119	0.0393849499272727
MP:0011496	abnormal head size	0.007036581	6.438471	15	2.329746	0.01639344	0.002607971	0.120783303383838	89	3.789624	15	3.958177	0.01646542	0.1685393	4.896732e-06	0.00044458447960396
MP:0008825	abnormal cardiac epithelial to mesenchymal transition	0.001479961	1.354164	6	4.430776	0.006557377	0.002697325	0.124293820351759	16	0.6812807	6	8.806943	0.006586169	0.375	3.25106e-05	0.00231102482170543
MP:0002128	abnormal blood circulation	0.03879387	35.49639	53	1.49311	0.0579235	0.002996102	0.134891509117647	595	25.33513	52	2.052486	0.05708013	0.08739496	8.028571e-07	8.56069721744186e-05
MP:0000601	small liver	0.01013873	9.276942	19	2.048089	0.02076503	0.003181492	0.1392661	177	7.536667	19	2.521008	0.0208562	0.1073446	0.0002045375	0.0101384263513514
MP:0004950	abnormal brain vasculature morphology	0.004474366	4.094045	11	2.686829	0.01202186	0.003293937	0.142478312688679	67	2.852863	10	3.505251	0.01097695	0.1492537	0.000510656	0.0201841186206897
MP:0012138	decreased forebrain size	0.002157266	1.973898	7	3.546283	0.007650273	0.00417846	0.1718094884375	39	1.660622	7	4.215289	0.007683864	0.1794872	0.001156528	0.0389903005882353
MP:0003567	abnormal fetal cardiomyocyte proliferation	0.002733476	2.501131	8	3.198553	0.008743169	0.004196873	0.1718094884375	36	1.532882	8	5.218929	0.008781559	0.2222222	0.0001095399	0.00639796740764331
MP:0014012	abnormal cranial blood vasculature morphology	0.004699167	4.299737	11	2.558296	0.01202186	0.004715128	0.187176293333333	69	2.938023	10	3.403649	0.01097695	0.1449275	0.0006486044	0.0248857838828452
MP:0003861	abnormal nervous system development	0.07062973	64.62621	86	1.33073	0.09398907	0.004762703	0.187442002188841	956	40.70652	85	2.088118	0.09330406	0.08891213	9.536396e-11	2.08211312666667e-08
MP:0001683	absent mesoderm	0.0040605	3.715357	10	2.691531	0.01092896	0.004889084	0.19077829906383	63	2.682543	10	3.727807	0.01097695	0.1587302	0.0003067432	0.0135232458846154
MP:0000433	microcephaly	0.006114053	5.594358	13	2.32377	0.01420765	0.004960998	0.192764201949153	71	3.023183	13	4.300104	0.01427003	0.1830986	8.156871e-06	0.000679986427909091
MP:0003315	abnormal perineum morphology	0.001683528	1.540428	6	3.895021	0.006557377	0.005009208	0.193103153692946	24	1.021921	6	5.871295	0.006586169	0.25	0.0004079098	0.0167736899820628
MP:0010418	perimembraneous ventricular septal defect	0.005430894	4.969268	12	2.414843	0.01311475	0.005075012	0.193103153692946	75	3.193503	12	3.757629	0.01317234	0.16	7.277298e-05	0.00465260136736111
MP:0008823	abnormal interventricular septum membranous part morphology	0.00543855	4.976273	12	2.411443	0.01311475	0.005129748	0.194379294049587	76	3.236083	12	3.708186	0.01317234	0.1578947	8.311504e-05	0.00511520078389262
MP:0001700	abnormal embryo turning	0.01223519	11.1952	21	1.875804	0.02295082	0.00535972	0.200165257520325	171	7.281187	21	2.884145	0.02305159	0.122807	1.303011e-05	0.00101259414152542
MP:0012137	abnormal forebrain size	0.002292535	2.097669	7	3.337037	0.007650273	0.005763343	0.21055719247012	40	1.703202	7	4.109907	0.007683864	0.175	0.001351064	0.043624143943662
MP:0011390	abnormal fetal cardiomyocyte physiology	0.002917789	2.669777	8	2.996505	0.008743169	0.006125911	0.215228367318008	39	1.660622	8	4.817473	0.008781559	0.2051282	0.0001988964	0.0100006165956284
MP:0000272	abnormal aorta morphology	0.01161695	10.62951	20	1.881555	0.02185792	0.006266049	0.218477830152091	195	8.303108	20	2.408737	0.0219539	0.1025641	0.0002599032	0.0121597568571429
MP:0000432	abnormal head morphology	0.05247042	48.01044	66	1.374701	0.07213115	0.006489461	0.224559839132075	751	31.97761	65	2.032672	0.07135016	0.08655126	4.75916e-08	6.35278867e-06
MP:0004783	abnormal cardinal vein morphology	0.002400271	2.196248	7	3.187254	0.007650273	0.007317068	0.245310619124088	26	1.107081	7	6.322933	0.007683864	0.2692308	8.010483e-05	0.00499701558571428
MP:0001953	respiratory failure	0.01263942	11.56507	21	1.815813	0.02295082	0.007579636	0.24647256070922	151	6.429586	20	3.11062	0.0219539	0.1324503	6.669201e-06	0.000582443554
MP:0001701	incomplete embryo turning	0.005043013	4.614357	11	2.383864	0.01202186	0.007784921	0.250483247614035	61	2.597383	11	4.235033	0.01207464	0.1803279	4.662537e-05	0.00319070629029851
MP:0010426	abnormal heart and great artery attachment	0.01275979	11.67521	21	1.798683	0.02295082	0.00836925	0.262828844178082	181	7.706988	21	2.7248	0.02305159	0.1160221	3.09801e-05	0.0022194337265625
MP:0010500	myocardium hypoplasia	0.005819385	5.324737	12	2.253632	0.01311475	0.008503463	0.266132272047782	74	3.150923	12	3.808408	0.01317234	0.1621622	6.355924e-05	0.00416313022
MP:0010425	abnormal heart and great vessel attachment	0.01278652	11.69966	21	1.794924	0.02295082	0.008553273	0.266780657857143	183	7.792148	21	2.695021	0.02305159	0.1147541	3.651351e-05	0.0025559457
MP:0010502	ventricle myocardium hypoplasia	0.005134308	4.697891	11	2.341476	0.01202186	0.008816098	0.269991490165563	62	2.639963	11	4.166726	0.01207464	0.1774194	5.452554e-05	0.00362318262173913
MP:0010503	myocardial trabeculae hypoplasia	0.003770973	3.450441	9	2.608363	0.009836066	0.008928766	0.270220409966997	55	2.341902	9	3.84303	0.009879254	0.1636364	0.0004826209	0.0193259111484716
MP:0000273	overriding aortic valve	0.003135782	2.86924	8	2.788194	0.008743169	0.009201187	0.272900353645161	52	2.214162	8	3.613105	0.008781559	0.1538462	0.001493733	0.0473963031487889
MP:0014141	abnormal mesoderm morphology	0.007371053	6.744514	14	2.075761	0.01530055	0.009305588	0.274380199228296	113	4.811545	14	2.909668	0.01536773	0.1238938	0.0003180404	0.0138877641333333
MP:0002725	abnormal vein morphology	0.01131238	10.35082	19	1.835603	0.02076503	0.009648069	0.278216329339623	145	6.174106	18	2.915402	0.01975851	0.1241379	4.590467e-05	0.00316500619473684
MP:0002058	neonatal lethality	0.05455486	49.91769	67	1.342209	0.07322404	0.0100806	0.287077956521739	711	30.27441	66	2.180059	0.07244786	0.092827	2.412385e-09	4.33756283333333e-07
MP:0000445	short snout	0.008230588	7.530988	15	1.99177	0.01639344	0.0103077	0.291733361111111	113	4.811545	14	2.909668	0.01536773	0.1238938	0.0003180404	0.0138877641333333
MP:0000295	trabecula carnea hypoplasia	0.003217693	2.944189	8	2.717217	0.008743169	0.01061248	0.296696468292683	46	1.958682	8	4.084379	0.008781559	0.173913	0.0006483969	0.0248857838828452
MP:0000285	abnormal heart valve morphology	0.0100836	9.226497	17	1.842519	0.01857923	0.01336702	0.343348945098039	139	5.918626	16	2.70333	0.01756312	0.1151079	0.0002883029	0.0130233378965517
MP:0004322	abnormal sternebra morphology	0.00411804	3.768007	9	2.388531	0.009836066	0.01502366	0.372343141081081	49	2.086422	9	4.313605	0.009879254	0.1836735	0.0001958836	0.0100006165956284
MP:0003229	abnormal vitelline vasculature morphology	0.01439967	13.1757	22	1.669741	0.02404372	0.0154267	0.379256941018767	188	8.005048	22	2.748266	0.02414929	0.1170213	1.767929e-05	0.00131804137642276
MP:0004076	abnormal vitelline vascular remodeling	0.004222371	3.863469	9	2.329513	0.009836066	0.0173444	0.406580489285714	60	2.554803	9	3.522777	0.009879254	0.15	0.0009283585	0.0329963079263566
MP:0010499	abnormal ventricle myocardium morphology	0.008053689	7.369125	14	1.899818	0.01530055	0.01850007	0.415798141911765	96	4.087684	14	3.424922	0.01536773	0.1458333	5.410311e-05	0.00362318262173913
MP:0003920	abnormal heart right ventricle morphology	0.01132225	10.35985	18	1.737476	0.01967213	0.01887205	0.421364177372263	151	6.429586	18	2.799558	0.01975851	0.1192053	7.849934e-05	0.0049304037520548
MP:0001258	decreased body length	0.01733351	15.86016	25	1.576276	0.0273224	0.01943455	0.431512889830508	285	12.13531	25	2.060104	0.02744237	0.0877193	0.0005385104	0.0211937354849785
MP:0000771	abnormal brain size	0.01563027	14.30169	23	1.608201	0.02513661	0.01983975	0.436284190647482	236	10.04889	23	2.28881	0.02524698	0.09745763	0.0001993704	0.0100006165956284
MP:0006346	small pharyngeal arch	0.002967943	2.715668	7	2.577635	0.007650273	0.02096186	0.443926688683603	38	1.618042	7	4.326218	0.007683864	0.1842105	0.0009846458	0.0340333311578947
MP:0009701	abnormal birth body size	0.0125553	11.4881	19	1.653885	0.02076503	0.02514306	0.484797137735849	188	8.005048	19	2.373502	0.0208562	0.1010638	0.0004412127	0.0178234381453744
MP:0010224	abnormal heart ventricle outflow tract morphology	0.005327596	4.87475	10	2.051387	0.01092896	0.02715044	0.508584010344828	77	3.278663	10	3.050024	0.01097695	0.1298701	0.001541891	0.0484217139383562
MP:0009672	abnormal birth weight	0.006899249	6.312813	12	1.900896	0.01311475	0.02763571	0.511144471830986	99	4.215424	12	2.846689	0.01317234	0.1212121	0.001014098	0.0348287590262172
MP:0001314	corneal opacity	0.00615496	5.631788	11	1.953198	0.01202186	0.02879096	0.519759703307393	76	3.236083	11	3.399171	0.01207464	0.1447368	0.0003574748	0.0151061931612903
MP:0006337	abnormal first pharyngeal arch morphology	0.003922889	3.589444	8	2.228758	0.008743169	0.03006153	0.532170328378378	41	1.745782	8	4.582474	0.008781559	0.195122	0.0002864906	0.0130055386237624
MP:0002081	perinatal lethality	0.07573756	69.29987	85	1.226554	0.09289617	0.03159572	0.550822723193916	983	41.85618	84	2.006872	0.09220637	0.0854527	8.62577e-10	1.68294278510638e-07
MP:0001286	abnormal eye development	0.01639815	15.00431	23	1.532893	0.02513661	0.03166177	0.550926813851992	243	10.34695	23	2.222877	0.02524698	0.09465021	0.0003048891	0.0135232458846154
MP:0003921	abnormal heart left ventricle morphology	0.01642994	15.03339	23	1.529927	0.02513661	0.03224574	0.558966797353497	240	10.21921	23	2.250663	0.02524698	0.09583333	0.0002548094	0.0121067471398964
MP:0001935	decreased litter size	0.01822703	16.67773	25	1.499005	0.0273224	0.03250213	0.559605556505576	288	12.26305	25	2.038644	0.02744237	0.08680556	0.0006276072	0.0244496562669492
MP:0003115	abnormal respiratory system development	0.01040195	9.517788	16	1.681063	0.01748634	0.03318279	0.561755041284404	137	5.833466	16	2.742795	0.01756312	0.1167883	0.0002440674	0.01165676071875
MP:0011088	neonatal lethality, incomplete penetrance	0.0201027	18.39397	27	1.467872	0.0295082	0.03378617	0.566397036380256	269	11.45403	27	2.357249	0.02963776	0.1003717	3.472593e-05	0.00244951367769231
MP:0010428	abnormal heart right ventricle outflow tract morphology	0.004026294	3.684059	8	2.171518	0.008743169	0.03419698	0.570156921090909	47	2.001262	8	3.997478	0.008781559	0.1702128	0.0007526414	0.027829522733871
MP:0000288	abnormal pericardium morphology	0.01389934	12.71789	20	1.572587	0.02185792	0.03445663	0.571828929113924	192	8.175368	20	2.446373	0.0219539	0.1041667	0.0002113486	0.0104197132365591
MP:0001176	abnormal lung development	0.008794283	8.046769	14	1.739829	0.01530055	0.03492162	0.576993252972973	122	5.194765	14	2.695021	0.01536773	0.1147541	0.000697282	0.0264283719752066
MP:0000292	distended pericardium	0.004874745	4.460391	9	2.01776	0.009836066	0.03806261	0.606129885344828	53	2.256742	9	3.98805	0.009879254	0.1698113	0.0003629125	0.0152656313073395
MP:0011099	lethality throughout fetal growth and development, complete penetrance	0.0141033	12.90452	20	1.549844	0.02185792	0.03901348	0.613987967066895	203	8.643749	20	2.313811	0.0219539	0.09852217	0.0004400274	0.0178234381453744
MP:0009703	decreased birth body size	0.01237487	11.323	18	1.589684	0.01967213	0.03956374	0.619111767576792	185	7.877308	18	2.285045	0.01975851	0.0972973	0.0009628634	0.0337968365
MP:0002746	abnormal semilunar valve morphology	0.005768334	5.278026	10	1.894648	0.01092896	0.04258609	0.642039125859247	77	3.278663	10	3.050024	0.01097695	0.1298701	0.001541891	0.0484217139383562
MP:0003410	abnormal artery development	0.009985948	9.137142	15	1.641651	0.01639344	0.04522979	0.66361147888	118	5.024445	15	2.985404	0.01646542	0.1271186	0.0001475125	0.00791046564327485
MP:0004067	abnormal trabecula carnea morphology	0.005841999	5.34543	10	1.870757	0.01092896	0.04565041	0.667646347208931	72	3.065763	10	3.261831	0.01097695	0.1388889	0.0009120343	0.0325422355291829
MP:0000284	double outlet right ventricle	0.01010874	9.249493	15	1.62171	0.01639344	0.04922635	0.696139772881356	129	5.492825	15	2.730835	0.01646542	0.1162791	0.0003955588	0.0164876099818182
MP:0010630	abnormal cardiac muscle tissue morphology	0.01633869	14.9499	22	1.471582	0.02404372	0.05017354	0.69993564787234	248	10.55985	22	2.083363	0.02414929	0.08870968	0.0009755258	0.0339422061893939
MP:0004787	abnormal dorsal aorta morphology	0.006768524	6.193199	11	1.776142	0.01202186	0.05051904	0.702973591502276	77	3.278663	11	3.355026	0.01207464	0.1428571	0.000401271	0.0165750228378378
MP:0000297	abnormal atrioventricular cushion morphology	0.006005448	5.494985	10	1.819841	0.01092896	0.05297258	0.714648172205882	63	2.682543	10	3.727807	0.01097695	0.1587302	0.0003067432	0.0135232458846154
MP:0002748	abnormal pulmonary valve morphology	0.003654769	3.344114	7	2.09323	0.007650273	0.0536037	0.720931147507331	40	1.703202	7	4.109907	0.007683864	0.175	0.001351064	0.043624143943662
MP:0001575	cyanosis	0.01557566	14.25173	21	1.473505	0.02295082	0.05407447	0.723887430510949	201	8.558588	21	2.453676	0.02305159	0.1044776	0.0001423224	0.00772246395266272
MP:0000270	abnormal heart tube morphology	0.005230137	4.785575	9	1.880652	0.009836066	0.05451146	0.728673597959184	62	2.639963	9	3.409139	0.009879254	0.1451613	0.001181119	0.0393849499272727
MP:0003232	abnormal forebrain development	0.01297876	11.87556	18	1.515718	0.01967213	0.05710688	0.750292127620397	168	7.153447	18	2.516269	0.01975851	0.1071429	0.0003044891	0.0135232458846154
MP:0011024	abnormal branching involved in lung morphogenesis	0.002965303	2.713252	6	2.211368	0.006557377	0.0575267	0.750292127620397	28	1.192241	6	5.032539	0.006586169	0.2142857	0.0009872264	0.0340333311578947
MP:0004881	abnormal lung size	0.01039123	9.507976	15	1.577623	0.01639344	0.05934248	0.763357228751753	131	5.577986	14	2.509867	0.01536773	0.1068702	0.001404582	0.044878107804878
MP:0002189	abnormal myocardial trabeculae morphology	0.009793612	8.961155	14	1.562299	0.01530055	0.07092787	0.834167037307692	126	5.365085	14	2.609465	0.01536773	0.1111111	0.0009611356	0.0337968365
MP:0000157	abnormal sternum morphology	0.01342987	12.28833	18	1.464804	0.01967213	0.07332045	0.842984080701754	167	7.110867	18	2.531337	0.01975851	0.1077844	0.00028287	0.0129695895
MP:0006107	abnormal fetal atrioventricular canal morphology	0.006559334	6.00179	10	1.66617	0.01092896	0.08336757	0.885031577803468	68	2.895443	10	3.453703	0.01097695	0.1470588	0.0005762255	0.0225811445940171
MP:0001574	abnormal oxygen level	0.01739241	15.91405	22	1.382426	0.02404372	0.08376682	0.885976631372549	229	9.75083	22	2.256218	0.02414929	0.09606987	0.0003322279	0.0143029570093897
MP:0000260	abnormal angiogenesis	0.02307142	21.11035	28	1.326364	0.03060109	0.08398374	0.88622657744534	320	13.62561	28	2.054953	0.03073546	0.0875	0.0002683647	0.0124288095909091
MP:0001513	limb grasping	0.01511166	13.82717	19	1.374106	0.02076503	0.1063377	0.960548474409449	189	8.047628	19	2.360944	0.0208562	0.1005291	0.0004714191	0.0189601453815789
MP:0001923	reduced female fertility	0.01712481	15.6692	21	1.340209	0.02295082	0.1121852	0.985381498084291	239	10.17663	21	2.063551	0.02305159	0.08786611	0.001417181	0.0451234367013889
MP:0011087	neonatal lethality, complete penetrance	0.03875019	35.45642	43	1.212756	0.04699454	0.1157331	0.992771306828812	478	20.35326	42	2.063551	0.04610318	0.08786611	8.026694e-06	0.000675273247522936
MP:0004508	abnormal pectoral girdle bone morphology	0.01643992	15.04253	19	1.263086	0.02076503	0.181793	1	204	8.686329	19	2.187345	0.0208562	0.09313725	0.001191269	0.0395794809057971
MP:0003935	abnormal craniofacial development	0.02461045	22.51857	27	1.199011	0.0295082	0.19496	1	309	13.15723	27	2.052103	0.02963776	0.08737864	0.0003501556	0.0148654020925926
MP:0000111	cleft palate	0.0193538	17.70873	20	1.129386	0.02185792	0.3223798	1	211	8.984389	20	2.226084	0.0219539	0.09478673	0.0007201475	0.0267824440323887
