ID	name	Binom_Genome_Fraction	Binom_Expected	Binom_Observed_Region_Hits	Binom_Fold_Enrichment	Binom_Region_Set_Coverage	Binom_Raw_PValue	Binom_Adjp_BH	Hyper_Total_Genes	Hyper_Expected	Hyper_Observed_Gene_Hits	Hyper_Fold_Enrichment	Hyper_Gene_Set_Coverage	Hyper_Term_Gene_Coverage	Hyper_Raw_PValue	Hyper_Adjp_BH
MP:0002080	prenatal lethality	0.1049329	23.2951	54	2.318084	0.2432432	3.266845e-09	2.995696865e-05	2000	20.75251	54	2.602095	0.2432432	0.027	3.728467e-11	1.35882320875e-07
MP:0008762	embryonic lethality	0.07861521	17.45258	44	2.521118	0.1981982	1.198644e-08	5.49578274e-05	1537	15.94831	44	2.758914	0.1981982	0.0286272	6.080051e-10	9.29234461166667e-07
MP:0005380	embryo phenotype	0.0870319	19.32108	46	2.380819	0.2072072	2.925854e-08	8.94336039333333e-05	1543	16.01056	46	2.873103	0.2072072	0.02981205	5.927255e-11	1.35882320875e-07
MP:0012097	abnormal spongiotrophoblast size	0.0009781254	0.2171438	6	27.63145	0.02702703	1.135094e-07	0.0002119216344	26	0.2697827	6	22.24012	0.02702703	0.2307692	2.257937e-07	0.0001390916604
MP:0004196	abnormal prenatal growth/weight/body size	0.05609617	12.45335	34	2.730189	0.1531532	1.155516e-07	0.0002119216344	991	10.28287	34	3.30647	0.1531532	0.03430878	8.198286e-10	1.073975466e-06
MP:0012099	decreased spongiotrophoblast size	0.0005762445	0.1279263	5	39.08501	0.02252252	2.458796e-07	0.000375785988666667	18	0.1867726	5	26.77052	0.02252252	0.2777778	8.825016e-07	0.000367842712363636
MP:0002086	abnormal extraembryonic tissue morphology	0.03484147	7.734807	25	3.232143	0.1126126	3.2594e-07	0.000424184943	603	6.256882	25	3.9956	0.1126126	0.04145937	4.377206e-09	4.45988655777778e-06
MP:0005031	abnormal trophoblast layer morphology	0.006611483	1.467749	11	7.494468	0.04954955	3.700632e-07	0.000424184943	140	1.452676	11	7.572233	0.04954955	0.07857143	2.461513e-07	0.0001410754638125
MP:0014134	abnormal embryo morphology	0.06885696	15.28625	37	2.420477	0.1666667	5.721667e-07	0.0005685945615	1171	12.1506	37	3.045118	0.1666667	0.03159693	1.287407e-09	1.47569027375e-06
MP:0010770	preweaning lethality	0.2047155	45.44684	77	1.694287	0.3468468	6.200595e-07	0.0005685945615	3574	37.08474	77	2.076326	0.3468468	0.02154449	5.168172e-11	1.35882320875e-07
MP:0001711	abnormal placenta morphology	0.01593738	3.538098	16	4.522204	0.07207207	7.505428e-07	0.000625679770545455	311	3.227016	16	4.958141	0.07207207	0.05144695	1.75027e-07	0.000123461353076923
MP:0005033	abnormal trophoblast giant cell morphology	0.00331268	0.7354149	8	10.87821	0.03603604	9.962744e-07	0.000736108347692308	81	0.8404767	8	9.518407	0.03603604	0.09876543	1.987863e-06	0.00075952932125
MP:0012057	abnormal mural trophectoderm morphology	0.003333583	0.7400554	8	10.81	0.03603604	1.043556e-06	0.000736108347692308	82	0.850853	8	9.402329	0.03603604	0.09756098	2.183285e-06	0.000800828938
MP:0005378	growth/size/body region phenotype	0.213765	47.45584	78	1.643633	0.3513514	1.72e-06	0.00105149333333333	3564	36.98098	78	2.109193	0.3513514	0.02188552	1.631401e-11	1.35882320875e-07
MP:0010866	abnormal prenatal body size	0.04170248	9.25795	26	2.808397	0.1171171	2.498118e-06	0.00143173387875	748	7.76144	26	3.349894	0.1171171	0.03475936	7.483439e-08	5.71859463583333e-05
MP:0010038	abnormal placenta physiology	0.008705948	1.932721	11	5.691459	0.04954955	5.103085e-06	0.00275266408529412	148	1.535686	11	7.162923	0.04954955	0.07432432	4.314342e-07	0.0001978125807
MP:0004255	abnormal spongiotrophoblast layer morphology	0.002961959	0.6575549	7	10.6455	0.03153153	5.500461e-06	0.00280217929833333	59	0.6121991	7	11.43419	0.03153153	0.1186441	2.542016e-06	0.000896549489230769
MP:0011203	abnormal parietal yolk sac morphology	0.005643912	1.252949	9	7.183056	0.04054054	6.052599e-06	0.00292117541210526	132	1.369666	9	6.570946	0.04054054	0.06818182	9.970405e-06	0.00277056405606061
MP:0008957	abnormal placenta junctional zone morphology	0.003034951	0.6737592	7	10.38947	0.03153153	6.434057e-06	0.0029500151345	64	0.6640804	7	10.54089	0.03153153	0.109375	4.429985e-06	0.0014508200875
MP:0002085	abnormal embryonic tissue morphology	0.05309141	11.78629	29	2.460485	0.1306306	8.125683e-06	0.00354821491	843	8.747184	29	3.315353	0.1306306	0.03440095	1.549553e-08	1.29176372818182e-05
MP:0001712	abnormal placenta development	0.00789204	1.752033	10	5.707655	0.04504505	1.342573e-05	0.00559608836818182	129	1.338537	10	7.470843	0.04504505	0.07751938	9.907013e-07	0.000394988300913043
MP:0002088	abnormal embryonic growth/weight/body size	0.04627734	10.27357	26	2.530766	0.1171171	1.541995e-05	0.00589170589583333	817	8.477401	26	3.066978	0.1171171	0.03182375	4.120685e-07	0.0001978125807
MP:0005028	abnormal trophectoderm morphology	0.0048927	1.086179	8	7.365266	0.03603604	1.67375e-05	0.006139315	115	1.193269	8	6.704269	0.03603604	0.06956522	2.703776e-05	0.00619840648
MP:0002151	abnormal neural tube morphology	0.02828551	6.279382	19	3.025775	0.08558559	2.238213e-05	0.00789400508076923	453	4.700444	19	4.042171	0.08558559	0.0419426	2.90785e-07	0.00015685285
MP:0004957	abnormal blastocyst morphology	0.008141165	1.807339	9	4.979698	0.04054054	0.0001018141	0.0321943205862069	192	1.992241	9	4.517525	0.04054054	0.046875	0.0001858757	0.0293875891206897
MP:0001697	abnormal embryo size	0.03469725	7.702789	20	2.596462	0.09009009	0.0001108199	0.0338739494333333	614	6.371021	20	3.139214	0.09009009	0.03257329	6.869027e-06	0.00209963258633333
MP:0001698	decreased embryo size	0.02986037	6.629001	18	2.715341	0.08108108	0.0001430485	0.04099233578125	507	5.260762	18	3.421558	0.08108108	0.03550296	6.309277e-06	0.00199503689965517
MP:0001718	abnormal visceral yolk sac morphology	0.01290718	2.865394	11	3.838913	0.04954955	0.0001732506	0.0481426667272727	178	1.846974	11	5.955689	0.04954955	0.06179775	2.674341e-06	0.000908285443333333
MP:0003720	abnormal neural tube closure	0.01756734	3.899951	13	3.333376	0.05855856	0.0001804692	0.0486736048235294	282	2.926104	13	4.442767	0.05855856	0.04609929	8.466413e-06	0.00250441958741935
MP:0012167	abnormal epigenetic regulation of gene expression	0.003787128	0.8407423	6	7.136551	0.02702703	0.0002282324	0.0597968888	62	0.6433279	6	9.326504	0.02702703	0.09677419	4.41651e-05	0.00941846434883721
MP:0001672	abnormal embryo development	0.04917772	10.91745	24	2.198315	0.1081081	0.0002797621	0.069335633972973	873	9.058472	24	2.649454	0.1081081	0.02749141	1.417248e-05	0.00371318976
MP:0001730	embryonic growth arrest	0.01372928	3.047901	11	3.609041	0.04954955	0.0002919298	0.0704472701578947	255	2.645945	11	4.157304	0.04954955	0.04313725	7.665703e-05	0.0149562758531915
MP:0004197	abnormal fetal growth/weight/body size	0.0145728	3.235162	11	3.400139	0.04954955	0.0004786657	0.104675506333333	247	2.562935	11	4.291954	0.04954955	0.04453441	5.760704e-05	0.0114838381913043
MP:0004200	decreased fetal size	0.01031597	2.290146	9	3.929881	0.04054054	0.0005681003	0.119648534409091	179	1.85735	9	4.845614	0.04054054	0.05027933	0.0001094869	0.02007989746
MP:0000929	open neural tube	0.01260384	2.798052	10	3.573915	0.04504505	0.0005897505	0.120178046333333	176	1.826221	10	5.475788	0.04504505	0.05681818	1.598598e-05	0.00407198435
MP:0004264	abnormal extraembryonic tissue physiology	0.01747216	3.87882	12	3.093725	0.05405405	0.0006129268	0.122185625130435	277	2.874223	12	4.175041	0.05405405	0.0433213	3.477916e-05	0.00777865602926829
MP:0004198	abnormal fetal size	0.01059172	2.351362	9	3.827569	0.04054054	0.0006837726	0.12746925394	186	1.929984	9	4.663252	0.04054054	0.0483871	0.0001464256	0.0252687186181818
MP:0006207	embryonic lethality during organogenesis	0.04693028	10.41852	22	2.111624	0.0990991	0.000854561	0.150698545576923	743	7.709558	22	2.853601	0.0990991	0.02960969	1.060157e-05	0.00285930579117647
MP:0003861	abnormal nervous system development	0.07062973	15.6798	29	1.849513	0.1306306	0.001064656	0.17652266375	956	9.919701	29	2.923475	0.1306306	0.03033473	2.275218e-07	0.0001390916604
MP:0010865	prenatal growth retardation	0.02973476	6.601117	16	2.423832	0.07207207	0.001111831	0.178868250350877	541	5.613555	16	2.850244	0.07207207	0.02957486	0.0001785937	0.0288394730350877
MP:0011098	embryonic lethality during organogenesis, complete penetrance	0.03621708	8.040193	18	2.238752	0.08108108	0.001342281	0.212219254655172	586	6.080486	18	2.96029	0.08108108	0.03071672	4.331582e-05	0.00941846434883721
MP:0000350	abnormal cell proliferation	0.04317192	9.584166	20	2.086775	0.09009009	0.001685548	0.23098148761194	731	7.585043	20	2.636768	0.09009009	0.02735978	8.119217e-05	0.0155110874770833
MP:0000313	abnormal cell death	0.05948529	13.20574	25	1.893117	0.1126126	0.001746585	0.235532124264706	1134	11.76667	25	2.124644	0.1126126	0.02204586	0.0003181722	0.0470586947419355
MP:0001784	abnormal fluid regulation	0.03788054	8.40948	18	2.140442	0.08108108	0.00218106	0.264074133076923	622	6.454031	18	2.788955	0.08108108	0.02893891	9.259735e-05	0.0173289326428571
MP:0002884	abnormal pharyngeal arch morphology	0.01037391	2.303008	8	3.473718	0.03603604	0.00244562	0.283877663291139	126	1.307408	8	6.118976	0.03603604	0.06349206	5.208287e-05	0.0106133315088889
MP:0002113	abnormal skeleton development	0.02638425	5.857303	14	2.390178	0.06306306	0.002546739	0.290637942345679	382	3.96373	14	3.532027	0.06306306	0.03664921	4.917213e-05	0.0102479189113636
MP:0006113	abnormal heart septum morphology	0.02246343	4.986881	12	2.406314	0.05405405	0.004809177	0.412804306090909	323	3.351531	12	3.580454	0.05405405	0.0371517	0.0001501048	0.0252687186181818
MP:0000428	abnormal craniofacial morphology	0.0684907	15.20494	25	1.644203	0.1126126	0.01024647	0.539026667613636	957	9.930077	25	2.517604	0.1126126	0.0261233	2.190477e-05	0.00542883083513513
MP:0005382	craniofacial phenotype	0.0685473	15.2175	25	1.642845	0.1126126	0.01034555	0.539026667613636	961	9.971582	25	2.507125	0.1126126	0.02601457	2.347241e-05	0.00566426315
MP:0000432	abnormal head morphology	0.05247042	11.64843	20	1.716969	0.09009009	0.01369609	0.609675462621359	751	7.792568	20	2.566548	0.09009009	0.02663116	0.0001168511	0.0210102860196078
MP:0002152	abnormal brain morphology	0.09760638	21.66862	29	1.338341	0.1306306	0.06557367	1	1359	14.10133	29	2.056543	0.1306306	0.02133922	0.0001792639	0.0288394730350877
