ID	name	Binom_Genome_Fraction	Binom_Expected	Binom_Observed_Region_Hits	Binom_Fold_Enrichment	Binom_Region_Set_Coverage	Binom_Raw_PValue	Binom_Adjp_BH	Hyper_Total_Genes	Hyper_Expected	Hyper_Observed_Gene_Hits	Hyper_Fold_Enrichment	Hyper_Gene_Set_Coverage	Hyper_Term_Gene_Coverage	Hyper_Raw_PValue	Hyper_Adjp_BH
MP:0002127	abnormal cardiovascular system morphology	0.1014792	25.57275	56	2.189831	0.2222222	1.627026e-08	0.000139426793333333	1709	20.12938	56	2.782004	0.2222222	0.0327677	1.501815e-12	6.885821775e-09
MP:0005385	cardiovascular system phenotype	0.1332184	33.57104	64	1.906405	0.2539683	2.117408e-07	0.000485415784	2260	26.6193	64	2.40427	0.2539683	0.02831858	1.632399e-11	4.98969961e-08
MP:0005378	growth/size/body region phenotype	0.213765	53.86879	88	1.633599	0.3492063	5.31587e-07	0.000974930558	3564	41.97841	88	2.096316	0.3492063	0.02469136	1.233061e-12	6.885821775e-09
MP:0005380	embryo phenotype	0.0870319	21.93204	46	2.097388	0.1825397	1.351057e-06	0.00206486544833333	1543	18.17415	46	2.531067	0.1825397	0.02981205	4.531807e-09	1.03891675475e-05
MP:0000685	abnormal immune system morphology	0.09898627	24.94454	50	2.004447	0.1984127	1.581341e-06	0.00207155671	2117	24.93498	50	2.005215	0.1984127	0.02361833	1.325079e-06	0.000994619112307692
MP:0000266	abnormal heart morphology	0.07594065	19.13704	39	2.037932	0.1547619	1.875853e-05	0.0156377927363636	1234	14.53461	39	2.68325	0.1547619	0.03160454	1.73065e-08	2.2671515e-05
MP:0003231	abnormal placenta vasculature	0.005156682	1.299484	8	6.156291	0.03174603	5.924975e-05	0.0417938621153846	111	1.307408	8	6.118976	0.03174603	0.07207207	5.149235e-05	0.01358359436
MP:0010025	decreased total body fat amount	0.01664389	4.194261	14	3.337894	0.05555556	0.0001034021	0.0639393533333333	351	4.134237	14	3.386356	0.05555556	0.03988604	7.790293e-05	0.0146581813714286
MP:0008803	abnormal placental labyrinth vasculature morphology	0.00288053	0.7258935	6	8.265676	0.02380952	0.00010459	0.0639393533333333	75	0.883384	6	6.792063	0.02380952	0.08	0.0002568469	0.0314038143066667
MP:0008944	decreased sensitivity to induced cell death	0.00296529	0.747253	6	8.029409	0.02380952	0.0001222878	0.070086195375	77	0.9069409	6	6.615646	0.02380952	0.07792208	0.0002965693	0.035201436164557
MP:0020151	abnormal circulating non-HDL cholesterol level	0.005921453	1.492206	8	5.36119	0.03174603	0.0001520416	0.074597033	129	1.51942	8	5.265165	0.03174603	0.0620155	0.0001482679	0.0230443498813559
MP:0005370	liver/biliary system phenotype	0.05346923	13.47425	28	2.078038	0.1111111	0.0002291277	0.0981624810833333	1079	12.70895	28	2.203172	0.1111111	0.02594995	7.821953e-05	0.0146581813714286
MP:0002447	abnormal erythrocyte morphology	0.03231683	8.143841	20	2.455844	0.07936508	0.0002386603	0.0981624810833333	712	8.386258	20	2.384854	0.07936508	0.02808989	0.0003148036	0.0360693003658537
MP:0001614	abnormal blood vessel morphology	0.06231004	15.70213	31	1.974254	0.1230159	0.0002548642	0.0981624810833333	1022	12.03758	31	2.575269	0.1230159	0.03033268	1.410038e-06	0.000994619112307692
MP:0000313	abnormal cell death	0.05948529	14.99029	30	2.001295	0.1190476	0.0002569138	0.0981624810833333	1134	13.35677	30	2.246053	0.1190476	0.02645503	2.99601e-05	0.00905103256129032
MP:0003049	abnormal lumbar vertebrae morphology	0.006792245	1.711646	8	4.673864	0.03174603	0.0003782299	0.1231890464	155	1.82566	8	4.381976	0.03174603	0.0516129	0.0005150826	0.0433330957981651
MP:0003959	abnormal lean body mass	0.01937054	4.881377	14	2.868043	0.05555556	0.0004738611	0.131675948090909	372	4.381584	14	3.195191	0.05555556	0.03763441	0.0001434383	0.0230443498813559
MP:0002138	abnormal hepatobiliary system morphology	0.04788765	12.06769	25	2.071648	0.09920635	0.0005238628	0.132463777205128	959	11.29554	25	2.213264	0.09920635	0.02606882	0.0001793411	0.0265251272096774
MP:0005508	abnormal skeleton morphology	0.1079763	27.21002	45	1.653803	0.1785714	0.0005301441	0.132463777205128	1832	21.57813	45	2.085445	0.1785714	0.02456332	1.776256e-06	0.00108588450133333
MP:0002084	abnormal developmental patterning	0.0268209	6.758866	17	2.515215	0.06746032	0.0005362008	0.132463777205128	401	4.72316	17	3.599286	0.06746032	0.04239401	6.054252e-06	0.00292197320210526
MP:0001716	abnormal placenta labyrinth morphology	0.007211583	1.817319	8	4.402089	0.03174603	0.0005584815	0.132463777205128	152	1.790325	8	4.468463	0.03174603	0.05263158	0.0004523232	0.041324141960396
MP:0014134	abnormal embryo morphology	0.06885696	17.35196	32	1.844173	0.1269841	0.0006500393	0.138624660023256	1171	13.79257	32	2.32009	0.1269841	0.02732707	8.309196e-06	0.00346342396909091
MP:0001672	abnormal embryo development	0.04917772	12.39279	25	2.017303	0.09920635	0.0007638426	0.152270361782609	873	10.28259	25	2.431294	0.09920635	0.02863688	4.082029e-05	0.0113430927060606
MP:0000003	abnormal adipose tissue morphology	0.04677368	11.78697	24	2.036147	0.0952381	0.0008585885	0.16032180598	835	9.835008	24	2.440262	0.0952381	0.02874251	5.52725e-05	0.013837406205
MP:0002085	abnormal embryonic tissue morphology	0.05309141	13.37904	26	1.943339	0.1031746	0.001024983	0.169489887118644	843	9.929236	26	2.61853	0.1031746	0.03084223	7.918649e-06	0.00345781006333333
MP:0012555	decreased cell death	0.00988498	2.491015	9	3.612985	0.03571429	0.001031347	0.169489887118644	180	2.120122	9	4.24504	0.03571429	0.05	0.0002941724	0.035201436164557
MP:0005375	adipose tissue phenotype	0.04753316	11.97836	24	2.003614	0.0952381	0.001067058	0.169489887118644	854	10.0588	24	2.385971	0.0952381	0.02810304	7.832616e-05	0.0146581813714286
MP:0004110	transposition of great arteries	0.003000731	0.7561842	5	6.612146	0.01984127	0.001072777	0.169489887118644	42	0.494695	5	10.10724	0.01984127	0.1190476	0.0001298305	0.0216462851818182
MP:0004180	failure of initiation of embryo turning	0.00301195	0.7590114	5	6.587517	0.01984127	0.001090502	0.169489887118644	48	0.5653657	5	8.843833	0.01984127	0.1041667	0.0002467461	0.0309880075135135
MP:0002989	small kidney	0.01215873	3.064001	10	3.263707	0.03968254	0.001178739	0.177270982459016	178	2.096565	10	4.769708	0.03968254	0.05617978	5.184578e-05	0.01358359436
MP:0000459	abnormal presacral vertebrae morphology	0.01436573	3.620164	11	3.038536	0.04365079	0.001200536	0.177563147096774	280	3.297967	11	3.335388	0.04365079	0.03928571	0.0005148762	0.0433330957981651
MP:0002706	abnormal kidney size	0.01679779	4.233044	12	2.834839	0.04761905	0.001308577	0.18749454828125	259	3.050619	12	3.933628	0.04761905	0.04633205	6.20002e-05	0.013866874
MP:0010426	abnormal heart and great artery attachment	0.01275979	3.215468	10	3.109967	0.03968254	0.001677013	0.224688842	181	2.1319	10	4.690652	0.03968254	0.05524862	5.968201e-05	0.013837406205
MP:0010425	abnormal heart and great vessel attachment	0.01278652	3.222202	10	3.103468	0.03968254	0.001702607	0.224688842	183	2.155457	10	4.639388	0.03968254	0.05464481	6.544826e-05	0.0142895367666667
MP:0002231	abnormal primitive streak morphology	0.006770716	1.70622	7	4.102635	0.02777778	0.001824029	0.22724177	119	1.401636	7	4.994164	0.02777778	0.05882353	0.0005289972	0.0440991302181818
MP:0004521	abnormal cochlear hair cell stereociliary bundle morphology	0.004997516	1.259374	6	4.764272	0.02380952	0.001837879	0.22724177	74	0.8716055	6	6.883848	0.02380952	0.08108108	0.0002386225	0.0309880075135135
MP:0005294	abnormal heart ventricle morphology	0.03825177	9.639446	20	2.074808	0.07936508	0.001858575	0.22724177	576	6.784389	20	2.947944	0.07936508	0.03472222	1.76537e-05	0.00646092100769231
MP:0003948	abnormal gas homeostasis	0.02761655	6.95937	16	2.299059	0.06349206	0.001938332	0.233875058421053	458	5.394531	16	2.965967	0.06349206	0.0349345	0.0001153451	0.02034066475
MP:0003936	abnormal reproductive system development	0.005139803	1.29523	6	4.632381	0.02380952	0.002112066	0.245160066075949	74	0.8716055	6	6.883848	0.02380952	0.08108108	0.0002386225	0.0309880075135135
MP:0003795	abnormal bone structure	0.04156227	10.47369	21	2.005024	0.08333333	0.00216119	0.246015270833333	773	9.104744	21	2.30649	0.08333333	0.02716688	0.0003480153	0.0371081430348837
MP:0010832	lethality during fetal growth through weaning	0.1292465	32.57013	49	1.504446	0.1944444	0.002253575	0.246015270833333	1760	20.73008	49	2.363715	0.1944444	0.02784091	1.190733e-08	2.183804322e-05
MP:0002230	abnormal primitive streak formation	0.003637416	0.9166288	5	5.454771	0.01984127	0.00246866	0.263228048837209	54	0.6360365	5	7.861185	0.01984127	0.09259259	0.0004303228	0.040357521979798
MP:0002132	abnormal respiratory system morphology	0.04554424	11.47715	22	1.916852	0.08730159	0.00293418	0.2949171953	731	8.610049	22	2.555154	0.08730159	0.03009576	5.84956e-05	0.013837406205
MP:0005221	abnormal rostral-caudal axis patterning	0.00776908	1.957808	7	3.575427	0.02777778	0.003875323	0.316632796460177	113	1.330965	7	5.259341	0.02777778	0.0619469	0.0003870817	0.0399580679354839
MP:0001700	abnormal embryo turning	0.01223519	3.083267	9	2.918981	0.03571429	0.004250182	0.327514024705882	171	2.014115	9	4.468463	0.03571429	0.05263158	0.0002009278	0.02878918634375
MP:0000520	absent kidney	0.004300851	1.083814	5	4.613336	0.01984127	0.004992021	0.369168004596774	51	0.6007011	5	8.323607	0.01984127	0.09803922	0.0003289312	0.036340953060241
MP:0004264	abnormal extraembryonic tissue physiology	0.01747216	4.402984	11	2.498306	0.04365079	0.005270981	0.377463856976744	277	3.262631	11	3.371512	0.04365079	0.03971119	0.0004705989	0.0415896268173077
MP:0003942	abnormal urinary system development	0.01050109	2.646275	8	3.023117	0.03174603	0.005613497	0.388382594736842	100	1.177845	8	6.792063	0.03174603	0.08	2.425111e-05	0.007942238525
MP:0002151	abnormal neural tube morphology	0.02828551	7.127947	15	2.104393	0.05952381	0.005920625	0.396292928832117	453	5.335639	15	2.811285	0.05952381	0.03311258	0.0003331944	0.036373722
MP:0001544	abnormal cardiovascular system physiology	0.08375041	21.1051	33	1.563603	0.1309524	0.007216662	0.429719419090909	1369	16.1247	33	2.046549	0.1309524	0.02410519	7.301797e-05	0.0145559735847826
MP:0011091	prenatal lethality, complete penetrance	0.01865829	4.70189	11	2.339485	0.04365079	0.008401546	0.434494162666667	284	3.345081	11	3.288411	0.04365079	0.03873239	0.000579287	0.0473750273070175
MP:0002622	abnormal cochlear hair cell morphology	0.01367995	3.447348	9	2.610702	0.03571429	0.008528784	0.434494162666667	167	1.967002	9	4.575492	0.03571429	0.05389222	0.000168225	0.0256806751967213
MP:0001175	abnormal lung morphology	0.02997158	7.552837	15	1.986009	0.05952381	0.009746655	0.468607584739583	471	5.547651	15	2.703847	0.05952381	0.03184713	0.0005003208	0.0432824692075472
MP:0003308	abnormal cochlear sensory epithelium morphology	0.01411931	3.558067	9	2.529463	0.03571429	0.01032452	0.478661558291457	172	2.025894	9	4.442483	0.03571429	0.05232558	0.0002098812	0.0296093939076923
MP:0002108	abnormal muscle morphology	0.04797663	12.09011	21	1.736957	0.08333333	0.01059232	0.485657872	765	9.010516	21	2.33061	0.08333333	0.02745098	0.0003032621	0.035201436164557
MP:0000045	abnormal hair cell morphology	0.01422095	3.58368	9	2.511385	0.03571429	0.01077771	0.48926535	176	2.073008	9	4.341518	0.03571429	0.05113636	0.0002490819	0.0309880075135135
MP:0000462	abnormal digestive system morphology	0.05424741	13.67035	23	1.682474	0.09126984	0.01087522	0.491259937931034	820	9.658331	23	2.381364	0.09126984	0.02804878	0.0001140624	0.02034066475
MP:0000042	abnormal organ of Corti morphology	0.01432666	3.610318	9	2.492855	0.03571429	0.01126473	0.495793819617225	173	2.037672	9	4.416804	0.03571429	0.05202312	0.0002191638	0.0304504855454545
MP:0009538	abnormal synapse morphology	0.0120271	3.030829	8	2.639542	0.03174603	0.01204951	0.518954475454545	151	1.778546	8	4.498055	0.03174603	0.05298013	0.0004328407	0.040357521979798
MP:0004753	abnormal miniature excitatory postsynaptic currents	0.007482489	1.885587	6	3.182033	0.02380952	0.01242908	0.518954475454545	82	0.9658331	6	6.212253	0.02380952	0.07317073	0.0004171094	0.0402620336631579
MP:0001574	abnormal oxygen level	0.01739241	4.382887	10	2.281601	0.03968254	0.01371504	0.549200510043668	229	2.697266	10	3.707458	0.03968254	0.04366812	0.0004052454	0.0399580679354839
MP:0002081	perinatal lethality	0.07573756	19.08587	29	1.519449	0.1150794	0.01652306	0.589558210894942	983	11.57822	29	2.504703	0.1150794	0.02950153	5.42699e-06	0.00292197320210526
MP:0002114	abnormal axial skeleton morphology	0.07342779	18.5038	28	1.513202	0.1111111	0.0192753	0.629019576512455	1157	13.62767	28	2.054643	0.1111111	0.02420052	0.0002500668	0.0309880075135135
MP:0001392	abnormal locomotor behavior	0.08681038	21.87622	32	1.462776	0.1269841	0.01966452	0.637186036749117	1269	14.94686	32	2.140918	0.1269841	0.02521671	4.052411e-05	0.0113430927060606
MP:0000972	abnormal mechanoreceptor morphology	0.01585847	3.996333	9	2.252064	0.03571429	0.02031427	0.655922027816901	192	2.261463	9	3.979725	0.03571429	0.046875	0.0004716817	0.0415896268173077
MP:0003491	abnormal voluntary movement	0.09380582	23.63907	34	1.438297	0.1349206	0.0204542	0.658122856140351	1361	16.03047	34	2.12096	0.1349206	0.02498163	2.752528e-05	0.00870368336551724
MP:0006032	abnormal ureteric bud morphology	0.006206184	1.563958	5	3.197016	0.01984127	0.021354	0.671819951369863	53	0.624258	5	8.009509	0.01984127	0.09433962	0.0003942258	0.0399580679354839
MP:0011085	postnatal lethality, complete penetrance	0.03019647	7.60951	14	1.839803	0.05555556	0.02211726	0.680351435451505	400	4.711381	14	2.971528	0.05555556	0.035	0.0003015406	0.035201436164557
MP:0003169	abnormal scala media morphology	0.01619453	4.081022	9	2.20533	0.03571429	0.02285232	0.693893292715232	198	2.332134	9	3.859127	0.03571429	0.04545455	0.0005889589	0.0473750273070175
MP:0000428	abnormal craniofacial morphology	0.0684907	17.25966	26	1.506403	0.1031746	0.02491857	0.721962778233438	957	11.27198	26	2.306605	0.1031746	0.02716823	6.816251e-05	0.0144499963840909
MP:0005382	craniofacial phenotype	0.0685473	17.27392	26	1.505159	0.1031746	0.02514101	0.722705522570533	961	11.31909	26	2.297004	0.1031746	0.02705515	7.296116e-05	0.0145559735847826
MP:0000527	abnormal kidney development	0.009137693	2.302699	6	2.605638	0.02380952	0.0294551	0.776106076136364	85	1.001168	6	5.992997	0.02380952	0.07058824	0.0005059287	0.0433330957981651
MP:0002925	abnormal cardiovascular development	0.04740875	11.947	19	1.590357	0.07539683	0.03250215	0.79904749463807	659	7.762	19	2.447823	0.07539683	0.02883156	0.000322539	0.0360693003658537
MP:0002082	postnatal lethality	0.07111127	17.92004	26	1.45089	0.1031746	0.03693613	0.851457594814815	958	11.28376	26	2.304197	0.1031746	0.02713987	6.933477e-05	0.0144499963840909
