ID	name	Binom_Genome_Fraction	Binom_Expected	Binom_Observed_Region_Hits	Binom_Fold_Enrichment	Binom_Region_Set_Coverage	Binom_Raw_PValue	Binom_Adjp_BH	Hyper_Total_Genes	Hyper_Expected	Hyper_Observed_Gene_Hits	Hyper_Fold_Enrichment	Hyper_Gene_Set_Coverage	Hyper_Term_Gene_Coverage	Hyper_Raw_PValue	Hyper_Adjp_BH
MP:0001544	abnormal cardiovascular system physiology	0.08375041	16.33133	47	2.877904	0.2410256	3.117518e-11	2.858764006e-07	1369	12.41346	47	3.786212	0.242268	0.03433163	1.089969e-15	9.99501573e-12
MP:0005385	cardiovascular system phenotype	0.1332184	25.97759	60	2.309683	0.3076923	2.154076e-10	9.87643846e-07	2260	20.49264	60	2.927881	0.3092784	0.02654867	6.257785e-15	2.8691944225e-11
MP:0005369	muscle phenotype	0.07226412	14.0915	40	2.83859	0.2051282	1.899874e-09	5.80728152666667e-06	1139	10.32793	40	3.872994	0.2061856	0.03511853	1.090484e-13	3.33324609333333e-10
MP:0000230	abnormal systemic arterial blood pressure	0.01150065	2.242626	15	6.688587	0.07692308	1.150925e-08	2.6384955625e-05	212	1.922318	15	7.803078	0.07731959	0.07075472	1.015747e-09	1.33062857e-06
MP:0000249	abnormal blood vessel physiology	0.01768031	3.44766	18	5.220933	0.09230769	1.679547e-08	2.96419027333333e-05	329	2.98322	18	6.033748	0.09278351	0.05471125	1.321728e-09	1.51503072e-06
MP:0002106	abnormal muscle physiology	0.04510628	8.795725	29	3.297056	0.1487179	1.939492e-08	2.96419027333333e-05	732	6.637439	29	4.369155	0.1494845	0.03961749	2.408373e-11	5.5211951025e-08
MP:0002127	abnormal cardiovascular system morphology	0.1014792	19.78844	45	2.274055	0.2307692	1.232415e-07	0.000141265569375	1709	15.49642	45	2.903896	0.2319588	0.02633119	5.119435e-11	9.38904379e-08
MP:0012382	abnormal blood cell physiology	0.05677648	11.07141	31	2.800004	0.1589744	2.265021e-07	0.0002077024257	1304	11.82407	31	2.62177	0.1597938	0.02377301	7.856401e-07	0.000277089219884615
MP:0005406	abnormal heart size	0.032532	6.34374	22	3.467986	0.1128205	5.080471e-07	0.000423526537	580	5.259173	22	4.183167	0.1134021	0.03793103	1.637552e-08	1.17040942307692e-05
MP:0001545	abnormal hematopoietic system physiology	0.06069022	11.83459	31	2.619439	0.1589744	9.336701e-07	0.000713479568083333	1367	12.39533	31	2.500943	0.1597938	0.0226774	2.114071e-06	0.0006058134709375
MP:0005595	abnormal vascular smooth muscle physiology	0.0071709	1.398325	10	7.151411	0.05128205	1.869631e-06	0.001224608305	122	1.10624	10	9.039632	0.05154639	0.08196721	1.703303e-07	8.2206781631579e-05
MP:0002420	abnormal adaptive immunity	0.05439659	10.60733	28	2.639683	0.1435897	2.901816e-06	0.00157382120823529	1254	11.37069	28	2.462471	0.1443299	0.02232855	9.348053e-06	0.00209077185390244
MP:0000685	abnormal immune system morphology	0.09898627	19.30232	41	2.124097	0.2102564	2.917662e-06	0.00157382120823529	2117	19.19598	41	2.135864	0.2113402	0.01936703	2.227577e-06	0.000618996396666667
MP:0001614	abnormal blood vessel morphology	0.06231004	12.15046	30	2.469043	0.1538462	4.648457e-06	0.00236813059388889	1022	9.267025	30	3.237285	0.1546392	0.02935421	1.283869e-08	1.07027988454545e-05
MP:0001819	abnormal immune cell physiology	0.05317682	10.36948	27	2.603795	0.1384615	5.704382e-06	0.00275311489157895	1221	11.07147	27	2.438702	0.1391753	0.02211302	1.632241e-05	0.00318460637659574
MP:0002421	abnormal cell-mediated immunity	0.05343876	10.42056	27	2.591032	0.1384615	6.233438e-06	0.002858031323	1234	11.18934	27	2.41301	0.1391753	0.02188006	1.967759e-05	0.00375923958958333
MP:0005592	abnormal vascular smooth muscle morphology	0.005039694	0.9827404	8	8.140502	0.04102564	8.094387e-06	0.00353454899	74	0.6709979	8	11.92254	0.04123711	0.1081081	3.573658e-07	0.000143280731695652
MP:0000266	abnormal heart morphology	0.07594065	14.80843	33	2.228461	0.1692308	1.24261e-05	0.00467756056923077	1234	11.18934	33	2.949235	0.1701031	0.0267423	2.100745e-08	1.220999255e-05
MP:0001785	edema	0.0254591	4.964525	17	3.424296	0.08717949	1.260171e-05	0.00467756056923077	406	3.681421	17	4.617782	0.08762887	0.04187192	1.916012e-07	8.78491502e-05
MP:0000274	enlarged heart	0.0255619	4.984571	17	3.410524	0.08717949	1.326244e-05	0.00467756056923077	452	4.098528	17	4.147831	0.08762887	0.03761062	8.554932e-07	0.000290550838666667
MP:0005620	abnormal muscle contractility	0.01811817	3.533044	14	3.962589	0.07179487	1.570492e-05	0.00533385616296296	285	2.584249	14	5.417435	0.07216495	0.04912281	3.593737e-07	0.000143280731695652
MP:0001790	abnormal immune system physiology	0.09223447	17.98572	37	2.057187	0.1897436	1.993546e-05	0.00652886315	1998	18.11694	37	2.042287	0.1907216	0.01851852	2.102011e-05	0.00393376344285714
MP:0004090	abnormal sarcomere morphology	0.001814832	0.3538922	5	14.1286	0.02564103	3.29884e-05	0.0100834542666667	42	0.3808366	5	13.12899	0.0257732	0.1190476	3.771114e-05	0.00640391025555556
MP:0002442	abnormal leukocyte physiology	0.05274423	10.28512	25	2.430695	0.1282051	4.046954e-05	0.01159705255625	1198	10.86291	25	2.301409	0.128866	0.02086811	8.794227e-05	0.0132201740311475
MP:0001784	abnormal fluid regulation	0.03788054	7.386705	20	2.707567	0.1025641	5.996555e-05	0.0151388543526316	622	5.640009	20	3.546093	0.1030928	0.03215434	1.045741e-06	0.0003424801775
MP:0011180	abnormal hematopoietic cell number	0.0787615	15.35849	32	2.083538	0.1641026	6.268586e-05	0.0151388543526316	1705	15.46015	32	2.069837	0.1649485	0.01876833	6.475921e-05	0.0103638960551724
MP:0001625	cardiac hypertrophy	0.008706848	1.697835	9	5.300867	0.04615385	6.273462e-05	0.0151388543526316	157	1.423604	9	6.321984	0.04639175	0.05732484	1.372269e-05	0.00279637927333333
MP:0000767	abnormal smooth muscle morphology	0.007148739	1.394004	8	5.738864	0.04102564	9.371795e-05	0.0214848400375	101	0.9158215	8	8.735327	0.04123711	0.07920792	3.890042e-06	0.000990880142777778
MP:0011181	increased hematopoietic cell number	0.04695734	9.156682	22	2.402617	0.1128205	0.0001426234	0.0311394423333333	1031	9.348633	22	2.353285	0.1134021	0.02133851	0.0001755293	0.0236706423676471
MP:0002925	abnormal cardiovascular development	0.04740875	9.244706	22	2.37974	0.1128205	0.000163081	0.0347779713953488	659	5.975508	22	3.681695	0.1134021	0.03338392	1.535027e-07	7.82010977222222e-05
MP:0002108	abnormal muscle morphology	0.04797663	9.355442	22	2.351572	0.1128205	0.0001924873	0.0392246342444444	765	6.936667	22	3.171552	0.1134021	0.02875817	1.864563e-06	0.00055154976483871
MP:0000259	abnormal vascular development	0.03197888	6.235881	17	2.726158	0.08717949	0.0002015536	0.0399563629574468	447	4.05319	17	4.194227	0.08762887	0.03803132	7.340855e-07	0.0002692625614
MP:0002843	decreased systemic arterial blood pressure	0.004230087	0.824867	6	7.2739	0.03076923	0.0002047927	0.0399563629574468	85	0.7707408	6	7.784718	0.03092784	0.07058824	0.0001241567	0.0175156452153846
MP:0010832	lethality during fetal growth through weaning	0.1292465	25.20307	43	1.706141	0.2205128	0.0002952971	0.0536992502941176	1760	15.95887	43	2.694427	0.2216495	0.02443182	1.549601e-09	1.57887124111111e-06
MP:0005464	abnormal platelet physiology	0.004542291	0.8857467	6	6.773946	0.03076923	0.0002986545	0.0536992502941176	106	0.9611591	6	6.242463	0.03092784	0.05660377	0.0004139199	0.03856302282
MP:0000250	abnormal vasoconstriction	0.003048129	0.5943852	5	8.412053	0.02564103	0.0003633621	0.0628684991886792	47	0.4261743	5	11.73229	0.0257732	0.106383	6.555136e-05	0.0103638960551724
MP:0006144	increased systemic arterial systolic blood pressure	0.003263348	0.6363529	5	7.857276	0.02564103	0.0004941675	0.080919928125	65	0.58939	5	8.483347	0.0257732	0.07692308	0.0003093885	0.0318774443258427
MP:0005294	abnormal heart ventricle morphology	0.03825177	7.459095	18	2.413161	0.09230769	0.0005574641	0.0859224119193548	576	5.222903	18	3.44636	0.09278351	0.03125	5.518269e-06	0.00133164544026316
MP:0009548	abnormal platelet aggregation	0.003373745	0.6578802	5	7.600168	0.02564103	0.0005736227	0.0859224119193548	76	0.689133	5	7.255494	0.0257732	0.06578947	0.000638598	0.0479995381967213
MP:0005164	abnormal response to injury	0.02270644	4.427756	13	2.936024	0.06666667	0.0005809367	0.0859224119193548	447	4.05319	13	3.20735	0.06701031	0.02908277	0.000233166	0.0288135445189873
MP:0005023	abnormal wound healing	0.007212341	1.406406	7	4.977224	0.03589744	0.0005961956	0.0867795817777778	151	1.369198	7	5.11248	0.03608247	0.04635762	0.0004647939	0.0398332716168224
MP:0005451	abnormal body composition	0.1132945	22.09242	38	1.720047	0.1948718	0.0006136335	0.087922174921875	1918	17.39154	38	2.18497	0.1958763	0.0198123	3.345028e-06	0.000876397336
MP:0002842	increased systemic arterial blood pressure	0.007289623	1.421477	7	4.924457	0.03589744	0.0006343836	0.0890895237	137	1.242253	7	5.634924	0.03608247	0.05109489	0.0002577453	0.0292140010987654
MP:0002128	abnormal blood circulation	0.03879387	7.564805	18	2.37944	0.09230769	0.0006551655	0.0890895237	595	5.395186	18	3.336308	0.09278351	0.0302521	8.591142e-06	0.0019695193035
MP:0008772	increased heart ventricle size	0.009613431	1.874619	8	4.267534	0.04102564	0.0006687859	0.0890895237	158	1.432671	8	5.583975	0.04123711	0.05063291	9.984243e-05	0.0143055481734375
MP:0000260	abnormal angiogenesis	0.02307142	4.498927	13	2.889578	0.06666667	0.000672211	0.0890895237	320	2.901613	13	4.480267	0.06701031	0.040625	7.656264e-06	0.00180020361230769
MP:0000738	impaired muscle contractility	0.01207086	2.353818	9	3.823574	0.04615385	0.0006800727	0.0890895237	209	1.895116	9	4.74905	0.04639175	0.0430622	0.0001276976	0.0177422271515152
MP:0008195	abnormal professional antigen presenting cell morphology	0.03923771	7.651354	18	2.352525	0.09230769	0.0007458229	0.0944211854342105	789	7.154288	18	2.515974	0.09278351	0.02281369	0.0003175731	0.0323571703
MP:0012321	abnormal total tissue mass	0.1026203	20.01096	35	1.749041	0.1794872	0.0007772827	0.0944211854342105	1690	15.32414	35	2.283978	0.1804124	0.02071006	3.321624e-06	0.000876397336
MP:0012501	abnormal pericardial cavity morphology	0.007804863	1.521948	7	4.599368	0.03589744	0.0009413238	0.106673081666667	113	1.024632	7	6.831722	0.03608247	0.0619469	7.766334e-05	0.01186954713
MP:0003091	abnormal cell migration	0.02714531	5.293336	14	2.644835	0.07179487	0.0009832856	0.109960109170732	410	3.717691	14	3.765778	0.07216495	0.03414634	2.4082e-05	0.00433003803921569
MP:0001919	abnormal reproductive system physiology	0.07370149	14.37179	27	1.87868	0.1384615	0.001201659	0.1311811075	1416	12.83964	27	2.102863	0.1391753	0.0190678	0.0002000874	0.0254833535833333
MP:0002089	abnormal postnatal growth/weight/body size	0.1562264	30.46415	47	1.542797	0.2410256	0.001353631	0.142675819195402	2576	23.35798	47	2.01216	0.242268	0.01824534	1.777618e-06	0.000543358568666667
MP:0002082	postnatal lethality	0.07111127	13.8667	26	1.874996	0.1333333	0.001529386	0.146088225208333	958	8.686703	26	2.993081	0.1340206	0.02713987	5.993795e-07	0.000229012917291667
MP:0005292	improved glucose tolerance	0.01103779	2.15237	8	3.716834	0.04102564	0.001600064	0.149941196428571	200	1.813508	8	4.41134	0.04123711	0.04	0.0004954888	0.0416846999633028
MP:0001259	abnormal body weight	0.1069908	20.8632	35	1.677595	0.1794872	0.001602425	0.149941196428571	1810	16.41225	35	2.132554	0.1804124	0.01933702	1.481138e-05	0.00295261640434783
MP:0002169	no abnormal phenotype detected	0.1071801	20.90011	35	1.674632	0.1794872	0.001651129	0.152937908383838	1783	16.16742	35	2.164847	0.1804124	0.01962984	1.073822e-05	0.00234451136666667
MP:0002873	normal phenotype	0.1074131	20.94555	35	1.670999	0.1794872	0.001712863	0.153989742254902	1786	16.19462	35	2.161211	0.1804124	0.01959686	1.113341e-05	0.00237426441162791
MP:0002192	hydrops fetalis	0.004702986	0.9170822	5	5.452074	0.02564103	0.002454772	0.183010237723577	74	0.6709979	5	7.451588	0.0257732	0.06756757	0.0005649965	0.0439069313983051
MP:0005502	abnormal renal/urinary system physiology	0.03004295	5.858375	14	2.389741	0.07179487	0.002497803	0.184716560564516	565	5.12316	14	2.732689	0.07216495	0.02477876	0.0006728356	0.0497572778387097
MP:0002314	abnormal respiratory mechanics	0.004796114	0.9352423	5	5.346208	0.02564103	0.002668766	0.19119206421875	66	0.5984576	5	8.354811	0.0257732	0.07575758	0.0003323104	0.0331226779130435
MP:0003956	abnormal body size	0.1400307	27.30599	42	1.538124	0.2153846	0.002738542	0.193003747894737	2274	20.61958	42	2.036899	0.2164948	0.01846966	5.42494e-06	0.00133164544026316
MP:0004087	abnormal muscle fiber morphology	0.01772076	3.455549	10	2.893897	0.05128205	0.002739962	0.193003747894737	304	2.756532	10	3.627747	0.05154639	0.03289474	0.0004780273	0.040588058712963
MP:0011504	abnormal limb long bone morphology	0.02391158	4.662759	12	2.573584	0.06153846	0.002790988	0.193003747894737	373	3.382192	12	3.547995	0.06185567	0.03217158	0.0001617353	0.0221360104626866
MP:0002972	abnormal cardiac muscle contractility	0.01226705	2.392074	8	3.344378	0.04102564	0.003047308	0.199598674	192	1.740968	8	4.595146	0.04123711	0.04166667	0.0003777574	0.0360837016458333
MP:0011101	prenatal lethality, incomplete penetrance	0.01824333	3.55745	10	2.811002	0.05128205	0.003360586	0.212528093931034	312	2.829072	10	3.534728	0.05154639	0.03205128	0.000584746	0.0450598388235294
MP:0002086	abnormal extraembryonic tissue morphology	0.03484147	6.794087	15	2.207802	0.07692308	0.003705519	0.225992719473684	603	5.467726	15	2.743371	0.07731959	0.02487562	0.0004164861	0.03856302282
MP:0001914	hemorrhage	0.02891728	5.638869	13	2.305427	0.06666667	0.004749033	0.259328036666667	474	4.298014	13	3.024653	0.06701031	0.02742616	0.0004083436	0.03856302282
MP:0001787	pericardial edema	0.00561997	1.095894	5	4.562485	0.02564103	0.005189137	0.270365831193182	73	0.6619304	5	7.553665	0.0257732	0.06849315	0.0005306796	0.0432019751130435
MP:0003921	abnormal heart left ventricle morphology	0.01642994	3.203838	9	2.809131	0.04615385	0.005322578	0.275751639887006	240	2.176209	9	4.135631	0.04639175	0.0375	0.0003569297	0.0351940360107527
MP:0005367	renal/urinary system phenotype	0.05884884	11.47552	21	1.829982	0.1076923	0.005735844	0.293841840670391	997	9.040337	21	2.322922	0.1082474	0.02106319	0.0002951602	0.0318425768705882
MP:0002115	abnormal limb bone morphology	0.0262683	5.122318	12	2.342689	0.06153846	0.005818737	0.296432323833333	389	3.527273	12	3.402062	0.06185567	0.03084833	0.0002379172	0.0288135445189873
MP:0006208	lethality throughout fetal growth and development	0.0233769	4.558496	11	2.413077	0.05641026	0.006601131	0.316923409790576	350	3.173639	11	3.466053	0.05670103	0.03142857	0.0003692492	0.0356422648842105
MP:0001262	decreased body weight	0.09179356	17.89974	29	1.620135	0.1487179	0.006726031	0.319406178505155	1501	13.61038	29	2.130727	0.1494845	0.01932045	9.021357e-05	0.0133428780145161
MP:0000267	abnormal heart development	0.02364375	4.610532	11	2.385842	0.05641026	0.007155268	0.333065012994924	299	2.711194	11	4.057253	0.05670103	0.0367893	9.465765e-05	0.0137779468333333
MP:0003920	abnormal heart right ventricle morphology	0.01132225	2.207838	7	3.170523	0.03589744	0.007222057	0.334476074191919	151	1.369198	7	5.11248	0.03608247	0.04635762	0.0004647939	0.0398332716168224
MP:0002109	abnormal limb morphology	0.04207677	8.20497	16	1.950038	0.08205128	0.008754584	0.364906978545455	675	6.120589	16	2.614128	0.08247423	0.0237037	0.0004546482	0.0398332716168224
MP:0009538	abnormal synapse morphology	0.0120271	2.345284	7	2.984713	0.03589744	0.009845722	0.390845327878788	151	1.369198	7	5.11248	0.03608247	0.04635762	0.0004647939	0.0398332716168224
MP:0003723	abnormal long bone morphology	0.03180265	6.201517	13	2.096261	0.06666667	0.01009425	0.392272006355932	476	4.316149	13	3.011944	0.06701031	0.02731092	0.0004248928	0.0385769007524752
MP:0001943	abnormal respiration	0.0338041	6.5918	13	1.972147	0.06666667	0.01598373	0.484166012871287	468	4.243608	13	3.063431	0.06701031	0.02777778	0.0003619467	0.0353090557340426
MP:0011086	postnatal lethality, incomplete penetrance	0.04179934	8.150871	15	1.840294	0.07692308	0.01766773	0.510188519003115	579	5.250105	15	2.857086	0.07731959	0.02590674	0.0002716755	0.0303812723780488
MP:0002081	perinatal lethality	0.07573756	14.76882	20	1.354204	0.1025641	0.103571	1	983	8.913391	20	2.243815	0.1030928	0.02034588	0.0006384091	0.0479995381967213
